 Note: the E(HOMO) of TCE used for evaluating nucleophilicity index is the value evaluated at B3LYP/6-31G* level
 
 Hirshfeld charges, condensed Fukui functions and condensed dual descriptors
 Units used below are "e" (elementary charge)
     Atom     q(N)    q(N+1)   q(N-1)     f-       f+       f0      CDD
     1(O )  -0.2919  -0.2942  -0.2984  -0.0065   0.0023  -0.0021   0.0088
     2(C )   0.2821   0.2742   0.2835   0.0014   0.0078   0.0046   0.0065
     3(O )  -0.1404  -0.1589  -0.1336   0.0068   0.0185   0.0126   0.0117
     4(C )   0.0422   0.0163   0.0480   0.0058   0.0258   0.0158   0.0200
     5(C )  -0.0476  -0.1367  -0.0285   0.0190   0.0891   0.0541   0.0701
     6(C )  -0.0231  -0.1024  -0.0331  -0.0101   0.0793   0.0346   0.0894
     7(C )   0.0373   0.0175   0.0420   0.0046   0.0198   0.0122   0.0152
     8(O )  -0.1578  -0.1648  -0.1404   0.0174   0.0070   0.0122  -0.0104
     9(C )   0.0365   0.0178   0.0643   0.0278   0.0187   0.0233  -0.0091
    10(C )  -0.0038  -0.0520   0.1209   0.1247   0.0482   0.0864  -0.0765
    11(C )  -0.0433  -0.0686   0.0268   0.0702   0.0253   0.0477  -0.0449
    12(C )  -0.0397  -0.1129   0.0304   0.0701   0.0732   0.0716   0.0031
    13(C )  -0.0453  -0.1124   0.1074   0.1527   0.0670   0.1099  -0.0857
    14(C )  -0.0425  -0.0803   0.0196   0.0622   0.0378   0.0500  -0.0243
    15(C )  -0.0476  -0.1198   0.0266   0.0742   0.0722   0.0732  -0.0020
    16(O )  -0.1386  -0.1495  -0.1332   0.0054   0.0108   0.0081   0.0054
    17(C )   0.0165   0.0109   0.0182   0.0017   0.0056   0.0036   0.0039
    18(H )   0.0390   0.0233   0.0434   0.0044   0.0157   0.0101   0.0113
    19(H )   0.0454   0.0165   0.0555   0.0101   0.0289   0.0195   0.0188
    20(H )   0.0363  -0.0002   0.0443   0.0081   0.0365   0.0223   0.0285
    21(H )   0.0461   0.0143   0.0473   0.0012   0.0318   0.0165   0.0306
    22(H )   0.0282  -0.0028   0.0388   0.0106   0.0310   0.0208   0.0203
    23(H )   0.0286   0.0111   0.0394   0.0108   0.0175   0.0142   0.0067
    24(H )   0.0267  -0.0032   0.0739   0.0472   0.0300   0.0386  -0.0172
    25(H )   0.0273   0.0030   0.0766   0.0493   0.0244   0.0368  -0.0249
    26(H )   0.0401   0.0236   0.0801   0.0400   0.0165   0.0283  -0.0235
    27(H )   0.0406   0.0025   0.0849   0.0443   0.0380   0.0412  -0.0063
    28(H )   0.0395   0.0018   0.0968   0.0573   0.0377   0.0475  -0.0196
    29(H )   0.0400   0.0110   0.0831   0.0431   0.0290   0.0360  -0.0141
    30(H )   0.0376  -0.0003   0.0802   0.0427   0.0379   0.0403  -0.0048
    31(H )   0.0479   0.0375   0.0536   0.0057   0.0104   0.0080   0.0047
    32(H )   0.0412   0.0340   0.0450   0.0038   0.0072   0.0055   0.0034
    33(H )   0.0424   0.0434   0.0365  -0.0059  -0.0010  -0.0034   0.0049
 
 Condensed local electrophilicity/nucleophilicity index (e*eV)
     Atom              Electrophilicity          Nucleophilicity
     1(O )                  0.00143                 -0.00746
     2(C )                  0.00495                  0.00160
     3(O )                  0.01167                  0.00780
     4(C )                  0.01632                  0.00668
     5(C )                  0.05624                  0.02184
     6(C )                  0.05007                 -0.01157
     7(C )                  0.01252                  0.00531
     8(O )                  0.00443                  0.01996
     9(C )                  0.01183                  0.03193
    10(C )                  0.03042                  0.14308
    11(C )                  0.01594                  0.08053
    12(C )                  0.04621                  0.08040
    13(C )                  0.04233                  0.17524
    14(C )                  0.02388                  0.07133
    15(C )                  0.04560                  0.08515
    16(O )                  0.00685                  0.00622
    17(C )                  0.00353                  0.00196
    18(H )                  0.00993                  0.00509
    19(H )                  0.01824                  0.01154
    20(H )                  0.02305                  0.00924
    21(H )                  0.02005                  0.00137
    22(H )                  0.01956                  0.01221
    23(H )                  0.01105                  0.01241
    24(H )                  0.01891                  0.05411
    25(H )                  0.01538                  0.05656
    26(H )                  0.01043                  0.04593
    27(H )                  0.02401                  0.05088
    28(H )                  0.02381                  0.06579
    29(H )                  0.01831                  0.04945
    30(H )                  0.02389                  0.04898
    31(H )                  0.00654                  0.00653
    32(H )                  0.00453                  0.00432
    33(H )                 -0.00062                 -0.00679
 
 Condensed local softnesses (Hartree*e) and relative electrophilicity/nucleophilicity (dimensionless)
     Atom         s-          s+          s0        s+/s-       s-/s+
     1(O )     -0.0168      0.0059     -0.0055     -0.3485     -2.8692
     2(C )      0.0036      0.0203      0.0120      5.6444      0.1772
     3(O )      0.0176      0.0479      0.0328      2.7195      0.3677
     4(C )      0.0151      0.0670      0.0410      4.4375      0.2253
     5(C )      0.0493      0.2309      0.1401      4.6812      0.2136
     6(C )     -0.0261      0.2055      0.0897     -7.8636     -0.1272
     7(C )      0.0120      0.0514      0.0317      4.2867      0.2333
     8(O )      0.0451      0.0182      0.0316      0.4037      2.4773
     9(C )      0.0721      0.0486      0.0603      0.6736      1.4845
    10(C )      0.3231      0.1249      0.2240      0.3865      2.5873
    11(C )      0.1818      0.0654      0.1236      0.3599      2.7783
    12(C )      0.1816      0.1897      0.1856      1.0448      0.9571
    13(C )      0.3957      0.1737      0.2847      0.4391      2.2776
    14(C )      0.1611      0.0980      0.1295      0.6085      1.6433
    15(C )      0.1923      0.1872      0.1897      0.9734      1.0273
    16(O )      0.0140      0.0281      0.0211      2.0011      0.4997
    17(C )      0.0044      0.0145      0.0095      3.2807      0.3048
    18(H )      0.0115      0.0408      0.0261      3.5482      0.2818
    19(H )      0.0261      0.0749      0.0505      2.8729      0.3481
    20(H )      0.0209      0.0946      0.0577      4.5341      0.2206
    21(H )      0.0031      0.0823      0.0427     26.6932      0.0375
    22(H )      0.0276      0.0803      0.0539      2.9113      0.3435
    23(H )      0.0280      0.0453      0.0367      1.6183      0.6179
    24(H )      0.1222      0.0776      0.0999      0.6353      1.5741
    25(H )      0.1277      0.0631      0.0954      0.4945      2.0224
    26(H )      0.1037      0.0428      0.0733      0.4128      2.4225
    27(H )      0.1149      0.0986      0.1067      0.8579      1.1656
    28(H )      0.1485      0.0977      0.1231      0.6580      1.5198
    29(H )      0.1116      0.0752      0.0934      0.6732      1.4853
    30(H )      0.1106      0.0981      0.1043      0.8869      1.1275
    31(H )      0.0148      0.0269      0.0208      1.8205      0.5493
    32(H )      0.0098      0.0186      0.0142      1.9041      0.5252
    33(H )     -0.0153     -0.0025     -0.0089      0.1653      6.0496
 
 E(N):     -804.947140 Hartree
 E(N+1):   -804.887999 Hartree
 E(N-1):   -804.620371 Hartree
 E_HOMO(N):     -0.293024 Hartree,   -7.9736 eV
 E_HOMO(N+1):    0.270642 Hartree,    7.3645 eV
 E_HOMO(N-1):    0.270642 Hartree,    7.3645 eV
 Vertical IP:    0.326769 Hartree,    8.8918 eV
 Vertical EA:   -0.059141 Hartree,   -1.6093 eV
 Mulliken electronegativity:     0.133814 Hartree,    3.6413 eV
 Chemical potential:            -0.133814 Hartree,   -3.6413 eV
 Hardness (=fundamental gap):    0.385910 Hartree,   10.5011 eV
 Softness:    2.591277 Hartree^-1,    0.0952 eV^-1
 Electrophilicity index:    0.023200 Hartree,    0.6313 eV
 Nucleophilicity index:     0.042174 Hartree,    1.1476 eV
