 Note: the E(HOMO) of TCE used for evaluating nucleophilicity index is the value evaluated at B3LYP/6-31G* level
 
 Hirshfeld charges, condensed Fukui functions and condensed dual descriptors
 Units used below are "e" (elementary charge)
     Atom     q(N)    q(N+1)   q(N-1)     f-       f+       f0      CDD
     1(O )  -0.2949  -0.3054  -0.2790   0.0160   0.0104   0.0132  -0.0055
     2(C )   0.2815   0.2666   0.2904   0.0089   0.0149   0.0119   0.0060
     3(O )  -0.1400  -0.1709  -0.1096   0.0304   0.0309   0.0307   0.0006
     4(C )   0.0418  -0.0044   0.0662   0.0244   0.0462   0.0353   0.0218
     5(C )  -0.0544  -0.2056   0.1535   0.2079   0.1512   0.1796  -0.0567
     6(C )  -0.0201  -0.1715   0.1552   0.1754   0.1514   0.1634  -0.0239
     7(C )  -0.0424  -0.0690  -0.0150   0.0274   0.0267   0.0270  -0.0007
     8(C )  -0.0449  -0.0673  -0.0196   0.0253   0.0224   0.0239  -0.0029
     9(C )   0.2245   0.1756   0.2392   0.0146   0.0489   0.0318   0.0343
    10(O )  -0.1339  -0.1488  -0.1263   0.0076   0.0149   0.0112   0.0073
    11(C )   0.0117  -0.0005   0.0214   0.0097   0.0122   0.0110   0.0025
    12(O )  -0.2768  -0.3453  -0.2174   0.0594   0.0686   0.0640   0.0092
    13(O )  -0.1385  -0.1552  -0.1160   0.0225   0.0168   0.0196  -0.0058
    14(C )   0.0162   0.0063   0.0258   0.0096   0.0099   0.0098   0.0003
    15(H )   0.0380   0.0096   0.0618   0.0238   0.0283   0.0261   0.0045
    16(H )   0.0452  -0.0002   0.0857   0.0405   0.0454   0.0429   0.0049
    17(H )   0.0354  -0.0271   0.0987   0.0634   0.0625   0.0629  -0.0009
    18(H )   0.0394  -0.0185   0.0942   0.0548   0.0579   0.0564   0.0031
    19(H )   0.0341  -0.0062   0.0833   0.0492   0.0403   0.0448  -0.0089
    20(H )   0.0334   0.0091   0.0592   0.0258   0.0243   0.0251  -0.0015
    21(H )   0.0422   0.0243   0.0581   0.0159   0.0179   0.0169   0.0020
    22(H )   0.0458   0.0215   0.0659   0.0201   0.0243   0.0222   0.0042
    23(H )   0.0451   0.0294   0.0579   0.0128   0.0157   0.0143   0.0029
    24(H )   0.0404   0.0282   0.0500   0.0096   0.0122   0.0109   0.0026
    25(H )   0.0406   0.0254   0.0532   0.0126   0.0151   0.0139   0.0025
    26(H )   0.0482   0.0327   0.0643   0.0160   0.0156   0.0158  -0.0004
    27(H )   0.0411   0.0300   0.0527   0.0116   0.0111   0.0113  -0.0005
    28(H )   0.0414   0.0376   0.0461   0.0047   0.0038   0.0042  -0.0009
 
 Condensed local electrophilicity/nucleophilicity index (e*eV)
     Atom              Electrophilicity          Nucleophilicity
     1(O )                  0.00667                  0.00657
     2(C )                  0.00955                  0.00367
     3(O )                  0.01981                  0.01251
     4(C )                  0.02956                  0.01004
     5(C )                  0.09678                  0.08562
     6(C )                  0.09692                  0.07221
     7(C )                  0.01707                  0.01128
     8(C )                  0.01434                  0.01042
     9(C )                  0.03130                  0.00602
    10(O )                  0.00953                  0.00313
    11(C )                  0.00781                  0.00400
    12(O )                  0.04387                  0.02445
    13(O )                  0.01072                  0.00927
    14(C )                  0.00636                  0.00397
    15(H )                  0.01814                  0.00981
    16(H )                  0.02906                  0.01667
    17(H )                  0.04000                  0.02609
    18(H )                  0.03707                  0.02257
    19(H )                  0.02581                  0.02027
    20(H )                  0.01557                  0.01063
    21(H )                  0.01146                  0.00655
    22(H )                  0.01555                  0.00827
    23(H )                  0.01005                  0.00528
    24(H )                  0.00783                  0.00396
    25(H )                  0.00968                  0.00519
    26(H )                  0.00998                  0.00660
    27(H )                  0.00709                  0.00478
    28(H )                  0.00243                  0.00192
 
 Condensed local softnesses (Hartree*e) and relative electrophilicity/nucleophilicity (dimensionless)
     Atom         s-          s+          s0        s+/s-       s-/s+
     1(O )      0.0377      0.0246      0.0312      0.6533      1.5308
     2(C )      0.0211      0.0352      0.0282      1.6734      0.5976
     3(O )      0.0718      0.0731      0.0724      1.0182      0.9821
     4(C )      0.0576      0.1091      0.0834      1.8943      0.5279
     5(C )      0.4912      0.3572      0.4242      0.7272      1.3752
     6(C )      0.4142      0.3577      0.3860      0.8635      1.1581
     7(C )      0.0647      0.0630      0.0638      0.9736      1.0271
     8(C )      0.0598      0.0529      0.0564      0.8849      1.1301
     9(C )      0.0345      0.1155      0.0750      3.3459      0.2989
    10(O )      0.0180      0.0352      0.0266      1.9577      0.5108
    11(C )      0.0230      0.0288      0.0259      1.2565      0.7958
    12(O )      0.1403      0.1619      0.1511      1.1542      0.8664
    13(O )      0.0532      0.0396      0.0464      0.7444      1.3435
    14(C )      0.0228      0.0235      0.0231      1.0312      0.9698
    15(H )      0.0563      0.0670      0.0616      1.1898      0.8405
    16(H )      0.0956      0.1072      0.1014      1.1212      0.8919
    17(H )      0.1497      0.1476      0.1486      0.9864      1.0138
    18(H )      0.1295      0.1368      0.1331      1.0568      0.9463
    19(H )      0.1163      0.0953      0.1058      0.8193      1.2205
    20(H )      0.0610      0.0575      0.0592      0.9424      1.0612
    21(H )      0.0376      0.0423      0.0400      1.1256      0.8884
    22(H )      0.0475      0.0574      0.0524      1.2092      0.8270
    23(H )      0.0303      0.0371      0.0337      1.2237      0.8172
    24(H )      0.0227      0.0289      0.0258      1.2738      0.7851
    25(H )      0.0298      0.0357      0.0327      1.2003      0.8331
    26(H )      0.0378      0.0368      0.0373      0.9735      1.0272
    27(H )      0.0274      0.0262      0.0268      0.9548      1.0473
    28(H )      0.0110      0.0090      0.0100      0.8145      1.2277
 
 E(N):     -726.658450 Hartree
 E(N+1):   -726.587893 Hartree
 E(N-1):   -726.305650 Hartree
 E_HOMO(N):     -0.320066 Hartree,   -8.7094 eV
 E_HOMO(N+1):    0.103733 Hartree,    2.8227 eV
 E_HOMO(N-1):    0.000000 Hartree,    0.0000 eV
 Vertical IP:    0.352799 Hartree,    9.6002 eV
 Vertical EA:   -0.070557 Hartree,   -1.9199 eV
 Mulliken electronegativity:     0.141121 Hartree,    3.8401 eV
 Chemical potential:            -0.141121 Hartree,   -3.8401 eV
 Hardness (=fundamental gap):    0.423356 Hartree,   11.5201 eV
 Softness:    2.362077 Hartree^-1,    0.0868 eV^-1
 Electrophilicity index:    0.023521 Hartree,    0.6400 eV
 Nucleophilicity index:     0.015132 Hartree,    0.4118 eV
