 Note: the E(HOMO) of TCE used for evaluating nucleophilicity index is the value evaluated at B3LYP/6-31G* level
 
 Hirshfeld charges, condensed Fukui functions and condensed dual descriptors
 Units used below are "e" (elementary charge)
     Atom     q(N)    q(N+1)   q(N-1)     f-       f+       f0      CDD
     1(C )   0.0164   0.0093   0.0220   0.0056   0.0071   0.0063   0.0015
     2(O )  -0.1376  -0.1493  -0.1274   0.0102   0.0117   0.0109   0.0015
     3(C )   0.2833   0.2736   0.2872   0.0039   0.0097   0.0068   0.0058
     4(O )  -0.2969  -0.3066  -0.2900   0.0069   0.0096   0.0083   0.0027
     5(O )  -0.1392  -0.1569  -0.1245   0.0147   0.0178   0.0162   0.0030
     6(C )   0.0421   0.0130   0.0596   0.0176   0.0291   0.0233   0.0115
     7(C )  -0.0504  -0.1671   0.0595   0.1099   0.1167   0.1133   0.0069
     8(C )  -0.0345  -0.1210   0.0035   0.0380   0.0865   0.0622   0.0485
     9(C )  -0.0196  -0.0674   0.0612   0.0807   0.0478   0.0643  -0.0329
    10(C )  -0.0328  -0.1056   0.0191   0.0519   0.0728   0.0623   0.0210
    11(C )  -0.0674  -0.1025  -0.0158   0.0516   0.0351   0.0433  -0.0166
    12(C )   0.0818   0.0040   0.1565   0.0748   0.0777   0.0762   0.0030
    13(O )  -0.1390  -0.1744  -0.0526   0.0864   0.0354   0.0609  -0.0510
    14(C )   0.0146  -0.0001   0.0348   0.0202   0.0148   0.0175  -0.0054
    15(C )  -0.0574  -0.1083   0.0047   0.0621   0.0509   0.0565  -0.0111
    16(C )  -0.0353  -0.0751   0.0096   0.0450   0.0398   0.0424  -0.0052
    17(H )   0.0483   0.0367   0.0580   0.0097   0.0116   0.0107   0.0019
    18(H )   0.0414   0.0379   0.0437   0.0023   0.0035   0.0029   0.0011
    19(H )   0.0413   0.0329   0.0484   0.0071   0.0084   0.0077   0.0013
    20(H )   0.0447   0.0227   0.0620   0.0172   0.0221   0.0196   0.0048
    21(H )   0.0386   0.0063   0.0644   0.0258   0.0323   0.0291   0.0065
    22(H )   0.0352  -0.0038   0.0636   0.0284   0.0390   0.0337   0.0106
    23(H )   0.0359  -0.0053   0.0635   0.0276   0.0412   0.0344   0.0136
    24(H )   0.0436   0.0099   0.0719   0.0284   0.0337   0.0310   0.0053
    25(H )   0.0377   0.0105   0.0691   0.0314   0.0272   0.0293  -0.0042
    26(H )   0.0478   0.0251   0.0746   0.0269   0.0226   0.0247  -0.0042
    27(H )   0.0350   0.0191   0.0588   0.0237   0.0159   0.0198  -0.0078
    28(H )   0.0351   0.0191   0.0588   0.0237   0.0160   0.0198  -0.0078
    29(H )   0.0459   0.0108   0.0822   0.0363   0.0352   0.0357  -0.0011
    30(H )   0.0417   0.0126   0.0738   0.0322   0.0291   0.0306  -0.0031
 
 Condensed local electrophilicity/nucleophilicity index (e*eV)
     Atom              Electrophilicity          Nucleophilicity
     1(C )                  0.00530                  0.01129
     2(O )                  0.00872                  0.02072
     3(C )                  0.00725                  0.00788
     4(O )                  0.00720                  0.01400
     5(O )                  0.01326                  0.02981
     6(C )                  0.02174                  0.03560
     7(C )                  0.08719                  0.22277
     8(C )                  0.06461                  0.07701
     9(C )                  0.03573                  0.16372
    10(C )                  0.05440                  0.10515
    11(C )                  0.02618                  0.10469
    12(C )                  0.05805                  0.15159
    13(O )                  0.02640                  0.17518
    14(C )                  0.01102                  0.04086
    15(C )                  0.03805                  0.12587
    16(C )                  0.02970                  0.09117
    17(H )                  0.00868                  0.01970
    18(H )                  0.00258                  0.00469
    19(H )                  0.00625                  0.01440
    20(H )                  0.01648                  0.03492
    21(H )                  0.02412                  0.05239
    22(H )                  0.02910                  0.05757
    23(H )                  0.03075                  0.05600
    24(H )                  0.02515                  0.05748
    25(H )                  0.02028                  0.06366
    26(H )                  0.01690                  0.05445
    27(H )                  0.01187                  0.04809
    28(H )                  0.01191                  0.04808
    29(H )                  0.02627                  0.07360
    30(H )                  0.02171                  0.06525
 
 Condensed local softnesses (Hartree*e) and relative electrophilicity/nucleophilicity (dimensionless)
     Atom         s-          s+          s0        s+/s-       s-/s+
     1(C )      0.0176      0.0224      0.0200      1.2739      0.7850
     2(O )      0.0323      0.0369      0.0346      1.1428      0.8751
     3(C )      0.0123      0.0307      0.0215      2.4993      0.4001
     4(O )      0.0218      0.0305      0.0262      1.3957      0.7165
     5(O )      0.0465      0.0562      0.0513      1.2074      0.8282
     6(C )      0.0555      0.0921      0.0738      1.6578      0.6032
     7(C )      0.3476      0.3693      0.3585      1.0626      0.9411
     8(C )      0.1202      0.2737      0.1969      2.2778      0.4390
     9(C )      0.2555      0.1514      0.2034      0.5924      1.6879
    10(C )      0.1641      0.2304      0.1973      1.4045      0.7120
    11(C )      0.1634      0.1109      0.1371      0.6789      1.4729
    12(C )      0.2365      0.2459      0.2412      1.0396      0.9619
    13(O )      0.2734      0.1118      0.1926      0.4092      2.4440
    14(C )      0.0638      0.0467      0.0552      0.7321      1.3659
    15(C )      0.1964      0.1612      0.1788      0.8206      1.2186
    16(C )      0.1423      0.1258      0.1340      0.8844      1.1307
    17(H )      0.0307      0.0368      0.0337      1.1959      0.8362
    18(H )      0.0073      0.0109      0.0091      1.4911      0.6706
    19(H )      0.0225      0.0265      0.0245      1.1783      0.8487
    20(H )      0.0545      0.0698      0.0622      1.2814      0.7804
    21(H )      0.0818      0.1022      0.0920      1.2499      0.8001
    22(H )      0.0898      0.1233      0.1066      1.3724      0.7287
    23(H )      0.0874      0.1303      0.1088      1.4907      0.6708
    24(H )      0.0897      0.1065      0.0981      1.1877      0.8419
    25(H )      0.0993      0.0859      0.0926      0.8650      1.1561
    26(H )      0.0850      0.0716      0.0783      0.8427      1.1866
    27(H )      0.0750      0.0503      0.0627      0.6701      1.4923
    28(H )      0.0750      0.0505      0.0627      0.6727      1.4865
    29(H )      0.1148      0.1113      0.1131      0.9689      1.0321
    30(H )      0.1018      0.0920      0.0969      0.9033      1.1070
 
 E(N):     -765.697642 Hartree
 E(N+1):   -765.671331 Hartree
 E(N-1):   -765.407888 Hartree
 E_HOMO(N):     -0.260685 Hartree,   -7.0936 eV
 E_HOMO(N+1):    0.055764 Hartree,    1.5174 eV
 E_HOMO(N-1):    0.000000 Hartree,    0.0000 eV
 Vertical IP:    0.289754 Hartree,    7.8846 eV
 Vertical EA:   -0.026311 Hartree,   -0.7160 eV
 Mulliken electronegativity:     0.131721 Hartree,    3.5843 eV
 Chemical potential:            -0.131721 Hartree,   -3.5843 eV
 Hardness (=fundamental gap):    0.316065 Hartree,    8.6006 eV
 Softness:    3.163907 Hartree^-1,    0.1163 eV^-1
 Electrophilicity index:    0.027448 Hartree,    0.7469 eV
 Nucleophilicity index:     0.074513 Hartree,    2.0276 eV
