 Note: the E(HOMO) of TCE used for evaluating nucleophilicity index is the value evaluated at B3LYP/6-31G* level
 
 Hirshfeld charges, condensed Fukui functions and condensed dual descriptors
 Units used below are "e" (elementary charge)
     Atom     q(N)    q(N+1)   q(N-1)     f-       f+       f0      CDD
     1(O )  -0.2946  -0.2964  -0.2958  -0.0012   0.0018   0.0003   0.0030
     2(C )   0.2811   0.2741   0.2838   0.0028   0.0070   0.0049   0.0042
     3(O )  -0.1406  -0.1575  -0.1284   0.0123   0.0169   0.0146   0.0046
     4(C )   0.0415   0.0189   0.0521   0.0106   0.0226   0.0166   0.0120
     5(C )  -0.0563  -0.1324  -0.0024   0.0539   0.0761   0.0650   0.0222
     6(C )  -0.0202  -0.0783  -0.0025   0.0178   0.0580   0.0379   0.0403
     7(C )  -0.0420  -0.0585  -0.0204   0.0216   0.0165   0.0190  -0.0051
     8(C )  -0.0411  -0.0586  -0.0193   0.0218   0.0175   0.0197  -0.0043
     9(C )   0.0035  -0.0645   0.1090   0.1055   0.0680   0.0867  -0.0375
    10(C )  -0.0449  -0.1221   0.0179   0.0629   0.0772   0.0700   0.0144
    11(C )  -0.0409  -0.0822   0.0194   0.0603   0.0412   0.0508  -0.0191
    12(C )  -0.0446  -0.1344   0.0913   0.1359   0.0898   0.1128  -0.0460
    13(C )  -0.0410  -0.1200   0.0157   0.0567   0.0791   0.0679   0.0223
    14(C )  -0.0448  -0.0782   0.0212   0.0660   0.0334   0.0497  -0.0326
    15(O )  -0.1394  -0.1492  -0.1311   0.0083   0.0098   0.0091   0.0015
    16(C )   0.0159   0.0106   0.0196   0.0036   0.0053   0.0045   0.0017
    17(H )   0.0377   0.0227   0.0474   0.0097   0.0150   0.0123   0.0053
    18(H )   0.0448   0.0206   0.0608   0.0160   0.0243   0.0201   0.0082
    19(H )   0.0343   0.0044   0.0520   0.0177   0.0299   0.0238   0.0122
    20(H )   0.0385   0.0118   0.0534   0.0149   0.0267   0.0208   0.0118
    21(H )   0.0318   0.0114   0.0487   0.0170   0.0204   0.0187   0.0034
    22(H )   0.0305   0.0176   0.0433   0.0128   0.0129   0.0128   0.0001
    23(H )   0.0310   0.0107   0.0582   0.0273   0.0202   0.0237  -0.0070
    24(H )   0.0328   0.0097   0.0614   0.0286   0.0231   0.0258  -0.0055
    25(H )   0.0376  -0.0032   0.0754   0.0377   0.0409   0.0393   0.0032
    26(H )   0.0408   0.0083   0.0805   0.0397   0.0325   0.0361  -0.0073
    27(H )   0.0402  -0.0068   0.0920   0.0518   0.0471   0.0494  -0.0047
    28(H )   0.0407  -0.0027   0.0798   0.0390   0.0435   0.0413   0.0044
    29(H )   0.0379   0.0108   0.0756   0.0376   0.0272   0.0324  -0.0105
    30(H )   0.0478   0.0380   0.0558   0.0080   0.0098   0.0089   0.0018
    31(H )   0.0411   0.0340   0.0470   0.0059   0.0071   0.0065   0.0012
    32(H )   0.0410   0.0415   0.0385  -0.0024  -0.0006  -0.0015   0.0019
 
 Condensed local electrophilicity/nucleophilicity index (e*eV)
     Atom              Electrophilicity          Nucleophilicity
     1(O )                  0.00116                 -0.00130
     2(C )                  0.00451                  0.00304
     3(O )                  0.01085                  0.01339
     4(C )                  0.01456                  0.01156
     5(C )                  0.04898                  0.05891
     6(C )                  0.03735                  0.01942
     7(C )                  0.01061                  0.02359
     8(C )                  0.01126                  0.02384
     9(C )                  0.04377                  0.11523
    10(C )                  0.04970                  0.06869
    11(C )                  0.02654                  0.06588
    12(C )                  0.05781                  0.14846
    13(C )                  0.05088                  0.06197
    14(C )                  0.02150                  0.07214
    15(O )                  0.00633                  0.00911
    16(C )                  0.00341                  0.00398
    17(H )                  0.00963                  0.01060
    18(H )                  0.01561                  0.01752
    19(H )                  0.01925                  0.01936
    20(H )                  0.01718                  0.01628
    21(H )                  0.01311                  0.01855
    22(H )                  0.00831                  0.01396
    23(H )                  0.01302                  0.02978
    24(H )                  0.01486                  0.03122
    25(H )                  0.02631                  0.04121
    26(H )                  0.02089                  0.04341
    27(H )                  0.03029                  0.05661
    28(H )                  0.02798                  0.04265
    29(H )                  0.01748                  0.04114
    30(H )                  0.00631                  0.00870
    31(H )                  0.00455                  0.00644
    32(H )                 -0.00037                 -0.00266
 
 Condensed local softnesses (Hartree*e) and relative electrophilicity/nucleophilicity (dimensionless)
     Atom         s-          s+          s0        s+/s-       s-/s+
     1(O )     -0.0031      0.0047      0.0008     -1.5197     -0.6580
     2(C )      0.0073      0.0183      0.0128      2.5198      0.3969
     3(O )      0.0320      0.0440      0.0380      1.3755      0.7270
     4(C )      0.0276      0.0590      0.0433      2.1374      0.4679
     5(C )      0.1407      0.1986      0.1696      1.4115      0.7085
     6(C )      0.0464      0.1514      0.0989      3.2648      0.3063
     7(C )      0.0563      0.0430      0.0497      0.7638      1.3093
     8(C )      0.0569      0.0456      0.0513      0.8016      1.2476
     9(C )      0.2752      0.1775      0.2263      0.6448      1.5508
    10(C )      0.1640      0.2015      0.1828      1.2284      0.8140
    11(C )      0.1573      0.1076      0.1325      0.6838      1.4624
    12(C )      0.3545      0.2344      0.2945      0.6611      1.5126
    13(C )      0.1480      0.2063      0.1771      1.3939      0.7174
    14(C )      0.1723      0.0872      0.1297      0.5060      1.9761
    15(O )      0.0218      0.0257      0.0237      1.1797      0.8477
    16(C )      0.0095      0.0138      0.0117      1.4550      0.6873
    17(H )      0.0253      0.0390      0.0322      1.5434      0.6479
    18(H )      0.0418      0.0633      0.0526      1.5123      0.6612
    19(H )      0.0462      0.0781      0.0621      1.6882      0.5923
    20(H )      0.0389      0.0697      0.0543      1.7924      0.5579
    21(H )      0.0443      0.0531      0.0487      1.1998      0.8335
    22(H )      0.0333      0.0337      0.0335      1.0104      0.9898
    23(H )      0.0711      0.0528      0.0620      0.7420      1.3477
    24(H )      0.0745      0.0602      0.0674      0.8080      1.2377
    25(H )      0.0984      0.1067      0.1025      1.0838      0.9226
    26(H )      0.1037      0.0847      0.0942      0.8169      1.2241
    27(H )      0.1352      0.1228      0.1290      0.9084      1.1008
    28(H )      0.1018      0.1134      0.1076      1.1138      0.8978
    29(H )      0.0982      0.0709      0.0846      0.7216      1.3858
    30(H )      0.0208      0.0256      0.0232      1.2314      0.8121
    31(H )      0.0154      0.0184      0.0169      1.1979      0.8348
    32(H )     -0.0063     -0.0015     -0.0039      0.2383      4.1962
 
 E(N):     -729.828612 Hartree
 E(N+1):   -729.771635 Hartree
 E(N-1):   -729.502354 Hartree
 E_HOMO(N):     -0.295043 Hartree,   -8.0285 eV
 E_HOMO(N+1):    0.425919 Hartree,   11.5898 eV
 E_HOMO(N-1):    0.425919 Hartree,   11.5898 eV
 Vertical IP:    0.326258 Hartree,    8.8779 eV
 Vertical EA:   -0.056977 Hartree,   -1.5504 eV
 Mulliken electronegativity:     0.134640 Hartree,    3.6638 eV
 Chemical potential:            -0.134640 Hartree,   -3.6638 eV
 Hardness (=fundamental gap):    0.383236 Hartree,   10.4284 eV
 Softness:    2.609360 Hartree^-1,    0.0959 eV^-1
 Electrophilicity index:    0.023651 Hartree,    0.6436 eV
 Nucleophilicity index:     0.040155 Hartree,    1.0927 eV
