 Note: the E(HOMO) of TCE used for evaluating nucleophilicity index is the value evaluated at B3LYP/6-31G* level
 
 Hirshfeld charges, condensed Fukui functions and condensed dual descriptors
 Units used below are "e" (elementary charge)
     Atom     q(N)    q(N+1)   q(N-1)     f-       f+       f0      CDD
     1(O )  -0.2954  -0.2964  -0.2947   0.0007   0.0010   0.0009   0.0003
     2(C )   0.2814   0.2815   0.2813  -0.0001  -0.0001  -0.0001   0.0000
     3(O )  -0.1404  -0.1421  -0.1385   0.0019   0.0016   0.0018  -0.0003
     4(C )   0.0414   0.0381   0.0446   0.0032   0.0033   0.0032   0.0000
     5(C )  -0.0568  -0.0616  -0.0511   0.0056   0.0049   0.0052  -0.0008
     6(C )  -0.0185  -0.0176  -0.0199  -0.0014  -0.0009  -0.0011   0.0005
     7(C )  -0.0446  -0.0467  -0.0434   0.0012   0.0021   0.0017   0.0009
     8(C )   0.0280   0.0252   0.0308   0.0028   0.0028   0.0028  -0.0000
     9(O )  -0.1470  -0.1517  -0.1449   0.0020   0.0047   0.0034   0.0027
    10(C )   0.0975   0.0864   0.1007   0.0032   0.0111   0.0071   0.0079
    11(C )  -0.0056  -0.0045  -0.0170  -0.0115  -0.0010  -0.0062   0.0104
    12(C )  -0.0338  -0.0552  -0.0315   0.0023   0.0214   0.0119   0.0191
    13(C )  -0.0380  -0.0678  -0.0197   0.0184   0.0298   0.0241   0.0114
    14(C )  -0.0388  -0.0666  -0.0163   0.0226   0.0278   0.0252   0.0053
    15(C )  -0.0400  -0.0748  -0.0196   0.0204   0.0347   0.0276   0.0143
    16(C )  -0.0390  -0.0496  -0.0363   0.0026   0.0107   0.0067   0.0080
    17(C )  -0.0025  -0.0294   0.0628   0.0653   0.0269   0.0461  -0.0384
    18(C )  -0.0424  -0.0705  -0.0013   0.0410   0.0282   0.0346  -0.0129
    19(C )  -0.0399  -0.0733   0.0041   0.0440   0.0334   0.0387  -0.0105
    20(C )  -0.0433  -0.1036   0.0487   0.0919   0.0603   0.0761  -0.0316
    21(C )  -0.0407  -0.0694  -0.0057   0.0350   0.0286   0.0318  -0.0064
    22(C )  -0.0427  -0.0674   0.0031   0.0457   0.0247   0.0352  -0.0210
    23(C )  -0.0060  -0.0543   0.0416   0.0476   0.0483   0.0480   0.0007
    24(C )  -0.0399  -0.0847  -0.0053   0.0345   0.0449   0.0397   0.0103
    25(C )  -0.0389  -0.0704  -0.0099   0.0290   0.0315   0.0302   0.0025
    26(C )  -0.0421  -0.1166   0.0329   0.0750   0.0745   0.0747  -0.0005
    27(C )  -0.0391  -0.0874  -0.0012   0.0379   0.0483   0.0431   0.0104
    28(C )  -0.0423  -0.0741  -0.0103   0.0320   0.0318   0.0319  -0.0002
    29(O )  -0.1393  -0.1408  -0.1377   0.0016   0.0014   0.0015  -0.0002
    30(C )   0.0159   0.0145   0.0172   0.0013   0.0013   0.0013   0.0000
    31(H )   0.0374   0.0317   0.0426   0.0052   0.0056   0.0054   0.0004
    32(H )   0.0445   0.0395   0.0496   0.0051   0.0050   0.0050  -0.0001
    33(H )   0.0352   0.0390   0.0325  -0.0027  -0.0038  -0.0032  -0.0011
    34(H )   0.0408   0.0326   0.0483   0.0074   0.0082   0.0078   0.0008
    35(H )   0.0373   0.0366   0.0368  -0.0005   0.0007   0.0001   0.0012
    36(H )   0.0397   0.0341   0.0434   0.0038   0.0056   0.0047   0.0018
    37(H )   0.0195   0.0130   0.0276   0.0081   0.0065   0.0073  -0.0016
    38(H )   0.0196   0.0182   0.0211   0.0014   0.0015   0.0015   0.0000
    39(H )   0.0401   0.0295   0.0410   0.0009   0.0106   0.0057   0.0097
    40(H )   0.0428   0.0223   0.0572   0.0144   0.0205   0.0175   0.0061
    41(H )   0.0423   0.0216   0.0592   0.0168   0.0208   0.0188   0.0039
    42(H )   0.0422   0.0208   0.0570   0.0148   0.0214   0.0181   0.0066
    43(H )   0.0354   0.0280   0.0373   0.0020   0.0074   0.0047   0.0055
    44(H )   0.0363   0.0192   0.0603   0.0240   0.0172   0.0206  -0.0068
    45(H )   0.0404   0.0162   0.0702   0.0298   0.0242   0.0270  -0.0056
    46(H )   0.0401   0.0078   0.0783   0.0382   0.0323   0.0352  -0.0059
    47(H )   0.0406   0.0185   0.0686   0.0279   0.0221   0.0250  -0.0058
    48(H )   0.0343   0.0206   0.0571   0.0228   0.0137   0.0183  -0.0091
    49(H )   0.0359   0.0125   0.0530   0.0171   0.0234   0.0202   0.0063
    50(H )   0.0416   0.0165   0.0658   0.0242   0.0250   0.0246   0.0008
    51(H )   0.0411   0.0027   0.0742   0.0330   0.0384   0.0357   0.0053
    52(H )   0.0413   0.0108   0.0677   0.0264   0.0305   0.0284   0.0040
    53(H )   0.0350   0.0149   0.0537   0.0187   0.0201   0.0194   0.0013
    54(H )   0.0476   0.0443   0.0508   0.0032   0.0033   0.0033   0.0001
    55(H )   0.0410   0.0364   0.0453   0.0043   0.0046   0.0044   0.0003
    56(H )   0.0411   0.0437   0.0385  -0.0026  -0.0026  -0.0026  -0.0000
 
 Condensed local electrophilicity/nucleophilicity index (e*eV)
     Atom              Electrophilicity          Nucleophilicity
     1(O )                  0.00075                  0.00095
     2(C )                 -0.00004                 -0.00008
     3(O )                  0.00122                  0.00264
     4(C )                  0.00243                  0.00437
     5(C )                  0.00362                  0.00767
     6(C )                 -0.00068                 -0.00185
     7(C )                  0.00157                  0.00169
     8(C )                  0.00208                  0.00386
     9(O )                  0.00351                  0.00279
    10(C )                  0.00825                  0.00437
    11(C )                 -0.00077                 -0.01560
    12(C )                  0.01597                  0.00311
    13(C )                  0.02218                  0.02498
    14(C )                  0.02073                  0.03070
    15(C )                  0.02588                  0.02774
    16(C )                  0.00795                  0.00359
    17(C )                  0.02006                  0.08889
    18(C )                  0.02098                  0.05586
    19(C )                  0.02491                  0.05984
    20(C )                  0.04494                  0.12511
    21(C )                  0.02133                  0.04767
    22(C )                  0.01840                  0.06224
    23(C )                  0.03602                  0.06480
    24(C )                  0.03342                  0.04697
    25(C )                  0.02346                  0.03944
    26(C )                  0.05551                  0.10204
    27(C )                  0.03599                  0.05159
    28(C )                  0.02370                  0.04356
    29(O )                  0.00108                  0.00219
    30(C )                  0.00099                  0.00175
    31(H )                  0.00420                  0.00706
    32(H )                  0.00371                  0.00690
    33(H )                 -0.00284                 -0.00362
    34(H )                  0.00611                  0.01014
    35(H )                  0.00052                 -0.00066
    36(H )                  0.00416                  0.00510
    37(H )                  0.00484                  0.01102
    38(H )                  0.00110                  0.00196
    39(H )                  0.00788                  0.00123
    40(H )                  0.01529                  0.01960
    41(H )                  0.01547                  0.02293
    42(H )                  0.01591                  0.02009
    43(H )                  0.00553                  0.00267
    44(H )                  0.01280                  0.03266
    45(H )                  0.01802                  0.04060
    46(H )                  0.02403                  0.05197
    47(H )                  0.01647                  0.03801
    48(H )                  0.01020                  0.03107
    49(H )                  0.01743                  0.02327
    50(H )                  0.01865                  0.03299
    51(H )                  0.02860                  0.04497
    52(H )                  0.02269                  0.03596
    53(H )                  0.01494                  0.02547
    54(H )                  0.00247                  0.00437
    55(H )                  0.00340                  0.00583
    56(H )                 -0.00197                 -0.00358
 
 Condensed local softnesses (Hartree*e) and relative electrophilicity/nucleophilicity (dimensionless)
     Atom         s-          s+          s0        s+/s-       s-/s+
     1(O )      0.0020      0.0029      0.0025      1.4560      0.6868
     2(C )     -0.0002     -0.0001     -0.0002      0.8600      1.1627
     3(O )      0.0056      0.0047      0.0052      0.8422      1.1873
     4(C )      0.0093      0.0095      0.0094      1.0135      0.9867
     5(C )      0.0164      0.0141      0.0152      0.8613      1.1611
     6(C )     -0.0040     -0.0026     -0.0033      0.6672      1.4987
     7(C )      0.0036      0.0061      0.0049      1.7012      0.5878
     8(C )      0.0082      0.0081      0.0082      0.9831      1.0172
     9(O )      0.0059      0.0137      0.0098      2.2996      0.4348
    10(C )      0.0093      0.0321      0.0207      3.4466      0.2901
    11(C )     -0.0333     -0.0030     -0.0181      0.0901     11.1040
    12(C )      0.0066      0.0622      0.0344      9.3725      0.1067
    13(C )      0.0533      0.0864      0.0698      1.6220      0.6165
    14(C )      0.0655      0.0807      0.0731      1.2330      0.8111
    15(C )      0.0592      0.1008      0.0800      1.7040      0.5869
    16(C )      0.0077      0.0310      0.0193      4.0460      0.2472
    17(C )      0.1896      0.0781      0.1339      0.4122      2.4260
    18(C )      0.1191      0.0817      0.1004      0.6860      1.4578
    19(C )      0.1276      0.0970      0.1123      0.7603      1.3153
    20(C )      0.2668      0.1751      0.2210      0.6560      1.5243
    21(C )      0.1017      0.0831      0.0924      0.8174      1.2234
    22(C )      0.1328      0.0717      0.1022      0.5400      1.8519
    23(C )      0.1382      0.1403      0.1393      1.0151      0.9851
    24(C )      0.1002      0.1302      0.1152      1.2996      0.7695
    25(C )      0.0841      0.0914      0.0877      1.0864      0.9204
    26(C )      0.2176      0.2163      0.2169      0.9937      1.0063
    27(C )      0.1100      0.1402      0.1251      1.2741      0.7849
    28(C )      0.0929      0.0923      0.0926      0.9939      1.0062
    29(O )      0.0047      0.0042      0.0044      0.9019      1.1088
    30(C )      0.0037      0.0039      0.0038      1.0373      0.9641
    31(H )      0.0151      0.0164      0.0157      1.0867      0.9202
    32(H )      0.0147      0.0145      0.0146      0.9833      1.0170
    33(H )     -0.0077     -0.0110     -0.0094      1.4319      0.6984
    34(H )      0.0216      0.0238      0.0227      1.1014      0.9079
    35(H )     -0.0014      0.0020      0.0003     -1.4471     -0.6911
    36(H )      0.0109      0.0162      0.0136      1.4900      0.6712
    37(H )      0.0235      0.0189      0.0212      0.8018      1.2472
    38(H )      0.0042      0.0043      0.0042      1.0197      0.9807
    39(H )      0.0026      0.0307      0.0166     11.7303      0.0852
    40(H )      0.0418      0.0596      0.0507      1.4246      0.7019
    41(H )      0.0489      0.0603      0.0546      1.2325      0.8114
    42(H )      0.0428      0.0620      0.0524      1.4468      0.6912
    43(H )      0.0057      0.0216      0.0136      3.7875      0.2640
    44(H )      0.0696      0.0499      0.0598      0.7162      1.3962
    45(H )      0.0866      0.0702      0.0784      0.8107      1.2335
    46(H )      0.1109      0.0936      0.1022      0.8446      1.1839
    47(H )      0.0811      0.0642      0.0726      0.7914      1.2636
    48(H )      0.0663      0.0397      0.0530      0.5994      1.6683
    49(H )      0.0496      0.0679      0.0588      1.3684      0.7308
    50(H )      0.0704      0.0727      0.0715      1.0328      0.9683
    51(H )      0.0959      0.1114      0.1037      1.1616      0.8609
    52(H )      0.0767      0.0884      0.0826      1.1526      0.8676
    53(H )      0.0543      0.0582      0.0563      1.0714      0.9333
    54(H )      0.0093      0.0096      0.0095      1.0333      0.9677
    55(H )      0.0124      0.0133      0.0128      1.0672      0.9370
    56(H )     -0.0076     -0.0077     -0.0077      1.0069      0.9932
 
 E(N):    -1305.794640 Hartree
 E(N+1):  -1305.759738 Hartree
 E(N-1):  -1305.485026 Hartree
 E_HOMO(N):     -0.285185 Hartree,   -7.7603 eV
 E_HOMO(N+1):    0.059204 Hartree,    1.6110 eV
 E_HOMO(N-1):    0.000000 Hartree,    0.0000 eV
 Vertical IP:    0.309614 Hartree,    8.4250 eV
 Vertical EA:   -0.034902 Hartree,   -0.9497 eV
 Mulliken electronegativity:     0.137356 Hartree,    3.7376 eV
 Chemical potential:            -0.137356 Hartree,   -3.7376 eV
 Hardness (=fundamental gap):    0.344516 Hartree,    9.3748 eV
 Softness:    2.902621 Hartree^-1,    0.1067 eV^-1
 Electrophilicity index:    0.027381 Hartree,    0.7451 eV
 Nucleophilicity index:     0.050013 Hartree,    1.3609 eV
