 Note: the E(HOMO) of TCE used for evaluating nucleophilicity index is the value evaluated at B3LYP/6-31G* level
 
 Hirshfeld charges, condensed Fukui functions and condensed dual descriptors
 Units used below are "e" (elementary charge)
     Atom     q(N)    q(N+1)   q(N-1)     f-       f+       f0      CDD
     1(C )  -0.0857  -0.0896  -0.0823   0.0034   0.0039   0.0037   0.0005
     2(C )   0.0455   0.0413   0.0486   0.0031   0.0042   0.0037   0.0012
     3(O )  -0.1367  -0.1472  -0.1274   0.0092   0.0105   0.0099   0.0013
     4(C )   0.2840   0.2748   0.2873   0.0033   0.0092   0.0063   0.0060
     5(O )  -0.2930  -0.3023  -0.2864   0.0066   0.0093   0.0080   0.0027
     6(O )  -0.1392  -0.1568  -0.1248   0.0144   0.0176   0.0160   0.0031
     7(C )   0.0417   0.0119   0.0591   0.0175   0.0297   0.0236   0.0123
     8(C )  -0.0503  -0.1699   0.0623   0.1126   0.1196   0.1161   0.0070
     9(C )  -0.0349  -0.1227   0.0033   0.0382   0.0878   0.0630   0.0496
    10(C )  -0.0194  -0.0673   0.0606   0.0800   0.0480   0.0640  -0.0320
    11(C )  -0.0371  -0.0892   0.0196   0.0567   0.0521   0.0544  -0.0046
    12(C )  -0.0709  -0.1133  -0.0144   0.0565   0.0424   0.0495  -0.0141
    13(C )   0.0819   0.0007   0.1565   0.0747   0.0812   0.0779   0.0065
    14(O )  -0.1385  -0.1753  -0.0533   0.0852   0.0368   0.0610  -0.0484
    15(C )   0.0146   0.0001   0.0345   0.0199   0.0145   0.0172  -0.0054
    16(C )  -0.0539  -0.0919   0.0019   0.0558   0.0379   0.0469  -0.0179
    17(C )  -0.0310  -0.0882   0.0090   0.0400   0.0572   0.0486   0.0171
    18(H )   0.0386   0.0282   0.0474   0.0088   0.0104   0.0096   0.0016
    19(H )   0.0337   0.0336   0.0337   0.0000   0.0001   0.0001   0.0001
    20(H )   0.0334   0.0271   0.0389   0.0055   0.0063   0.0059   0.0008
    21(H )   0.0359   0.0343   0.0366   0.0007   0.0016   0.0012   0.0009
    22(H )   0.0418   0.0327   0.0492   0.0074   0.0091   0.0083   0.0017
    23(H )   0.0442   0.0222   0.0611   0.0169   0.0220   0.0195   0.0051
    24(H )   0.0383   0.0058   0.0641   0.0258   0.0326   0.0292   0.0068
    25(H )   0.0356  -0.0046   0.0650   0.0294   0.0402   0.0348   0.0107
    26(H )   0.0354  -0.0049   0.0622   0.0268   0.0403   0.0335   0.0136
    27(H )   0.0404   0.0086   0.0743   0.0339   0.0317   0.0328  -0.0022
    28(H )   0.0371   0.0076   0.0699   0.0327   0.0295   0.0311  -0.0032
    29(H )   0.0478   0.0255   0.0744   0.0266   0.0223   0.0245  -0.0044
    30(H )   0.0350   0.0192   0.0586   0.0236   0.0158   0.0197  -0.0077
    31(H )   0.0349   0.0190   0.0586   0.0237   0.0159   0.0198  -0.0078
    32(H )   0.0464   0.0156   0.0809   0.0346   0.0308   0.0327  -0.0038
    33(H )   0.0448   0.0153   0.0712   0.0264   0.0295   0.0279   0.0031
 
 Condensed local electrophilicity/nucleophilicity index (e*eV)
     Atom              Electrophilicity          Nucleophilicity
     1(C )                  0.00289                  0.00693
     2(C )                  0.00312                  0.00624
     3(O )                  0.00773                  0.01874
     4(C )                  0.00680                  0.00668
     5(O )                  0.00686                  0.01347
     6(O )                  0.01292                  0.02939
     7(C )                  0.02186                  0.03552
     8(C )                  0.08794                  0.22911
     9(C )                  0.06454                  0.07768
    10(C )                  0.03527                  0.16266
    11(C )                  0.03829                  0.11534
    12(C )                  0.03117                  0.11497
    13(C )                  0.05968                  0.15191
    14(O )                  0.02703                  0.17330
    15(C )                  0.01066                  0.04051
    16(C )                  0.02787                  0.11356
    17(C )                  0.04203                  0.08145
    18(H )                  0.00762                  0.01782
    19(H )                  0.00008                  0.00002
    20(H )                  0.00461                  0.01119
    21(H )                  0.00118                  0.00150
    22(H )                  0.00669                  0.01513
    23(H )                  0.01620                  0.03444
    24(H )                  0.02394                  0.05249
    25(H )                  0.02954                  0.05989
    26(H )                  0.02966                  0.05443
    27(H )                  0.02333                  0.06904
    28(H )                  0.02169                  0.06662
    29(H )                  0.01639                  0.05420
    30(H )                  0.01164                  0.04797
    31(H )                  0.01171                  0.04826
    32(H )                  0.02265                  0.07033
    33(H )                  0.02170                  0.05368
 
 Condensed local softnesses (Hartree*e) and relative electrophilicity/nucleophilicity (dimensionless)
     Atom         s-          s+          s0        s+/s-       s-/s+
     1(C )      0.0108      0.0124      0.0116      1.1526      0.8676
     2(C )      0.0097      0.0134      0.0115      1.3858      0.7216
     3(O )      0.0291      0.0332      0.0311      1.1411      0.8763
     4(C )      0.0104      0.0292      0.0198      2.8168      0.3550
     5(O )      0.0209      0.0295      0.0252      1.4088      0.7098
     6(O )      0.0456      0.0554      0.0505      1.2159      0.8224
     7(C )      0.0551      0.0938      0.0745      1.7026      0.5873
     8(C )      0.3555      0.3775      0.3665      1.0620      0.9416
     9(C )      0.1205      0.2771      0.1988      2.2990      0.4350
    10(C )      0.2524      0.1514      0.2019      0.6000      1.6666
    11(C )      0.1790      0.1644      0.1717      0.9186      1.0886
    12(C )      0.1784      0.1338      0.1561      0.7501      1.3332
    13(C )      0.2357      0.2562      0.2459      1.0870      0.9200
    14(O )      0.2689      0.1160      0.1925      0.4316      2.3171
    15(C )      0.0629      0.0458      0.0543      0.7284      1.3729
    16(C )      0.1762      0.1197      0.1479      0.6792      1.4724
    17(C )      0.1264      0.1804      0.1534      1.4276      0.7005
    18(H )      0.0277      0.0327      0.0302      1.1837      0.8448
    19(H )      0.0000      0.0003      0.0002      8.9085      0.1123
    20(H )      0.0174      0.0198      0.0186      1.1399      0.8773
    21(H )      0.0023      0.0050      0.0037      2.1672      0.4614
    22(H )      0.0235      0.0287      0.0261      1.2242      0.8169
    23(H )      0.0534      0.0696      0.0615      1.3019      0.7681
    24(H )      0.0814      0.1028      0.0921      1.2618      0.7925
    25(H )      0.0929      0.1268      0.1099      1.3649      0.7326
    26(H )      0.0844      0.1273      0.1059      1.5080      0.6631
    27(H )      0.1071      0.1001      0.1036      0.9349      1.0696
    28(H )      0.1034      0.0931      0.0982      0.9008      1.1101
    29(H )      0.0841      0.0703      0.0772      0.8365      1.1954
    30(H )      0.0744      0.0500      0.0622      0.6714      1.4894
    31(H )      0.0749      0.0503      0.0626      0.6713      1.4897
    32(H )      0.1091      0.0972      0.1032      0.8910      1.1224
    33(H )      0.0833      0.0931      0.0882      1.1185      0.8941
 
 E(N):     -804.966265 Hartree
 E(N+1):   -804.938714 Hartree
 E(N-1):   -804.677022 Hartree
 E_HOMO(N):     -0.260432 Hartree,   -7.0867 eV
 E_HOMO(N+1):    0.249443 Hartree,    6.7877 eV
 E_HOMO(N-1):    0.249443 Hartree,    6.7877 eV
 Vertical IP:    0.289243 Hartree,    7.8707 eV
 Vertical EA:   -0.027551 Hartree,   -0.7497 eV
 Mulliken electronegativity:     0.130846 Hartree,    3.5605 eV
 Chemical potential:            -0.130846 Hartree,   -3.5605 eV
 Hardness (=fundamental gap):    0.316795 Hartree,    8.6204 eV
 Softness:    3.156619 Hartree^-1,    0.1160 eV^-1
 Electrophilicity index:    0.027022 Hartree,    0.7353 eV
 Nucleophilicity index:     0.074766 Hartree,    2.0345 eV
