 Note: the E(HOMO) of TCE used for evaluating nucleophilicity index is the value evaluated at B3LYP/6-31G* level
 
 Hirshfeld charges, condensed Fukui functions and condensed dual descriptors
 Units used below are "e" (elementary charge)
     Atom     q(N)    q(N+1)   q(N-1)     f-       f+       f0      CDD
     1(C )  -0.0808  -0.0913  -0.0671   0.0137   0.0105   0.0121  -0.0032
     2(C )  -0.0431  -0.0561  -0.0304   0.0127   0.0129   0.0128   0.0002
     3(C )  -0.0422  -0.0582  -0.0184   0.0238   0.0160   0.0199  -0.0078
     4(C )  -0.0430  -0.0711  -0.0137   0.0293   0.0281   0.0287  -0.0013
     5(C )  -0.0195  -0.1995   0.1638   0.1833   0.1800   0.1817  -0.0033
     6(C )  -0.0581  -0.2254   0.1588   0.2169   0.1673   0.1921  -0.0496
     7(C )   0.0409  -0.0127   0.0662   0.0253   0.0537   0.0395   0.0284
     8(O )  -0.1408  -0.1753  -0.1099   0.0309   0.0346   0.0327   0.0037
     9(C )   0.2811   0.2636   0.2900   0.0089   0.0175   0.0132   0.0087
    10(O )  -0.1397  -0.1581  -0.1174   0.0223   0.0184   0.0203  -0.0039
    11(C )   0.0155   0.0042   0.0252   0.0097   0.0113   0.0105   0.0015
    12(O )  -0.2944  -0.3076  -0.2788   0.0156   0.0132   0.0144  -0.0024
    13(H )   0.0288   0.0079   0.0518   0.0229   0.0209   0.0219  -0.0020
    14(H )   0.0271   0.0181   0.0374   0.0103   0.0090   0.0097  -0.0012
    15(H )   0.0272   0.0173   0.0385   0.0113   0.0098   0.0106  -0.0015
    16(H )   0.0240   0.0116   0.0366   0.0126   0.0125   0.0125  -0.0002
    17(H )   0.0238   0.0077   0.0380   0.0142   0.0162   0.0152   0.0020
    18(H )   0.0264   0.0094   0.0451   0.0187   0.0170   0.0178  -0.0016
    19(H )   0.0246   0.0106   0.0397   0.0152   0.0139   0.0145  -0.0013
    20(H )   0.0295   0.0027   0.0559   0.0265   0.0267   0.0266   0.0003
    21(H )   0.0310  -0.0220   0.0846   0.0535   0.0530   0.0533  -0.0005
    22(H )   0.0383  -0.0295   0.0956   0.0573   0.0677   0.0625   0.0105
    23(H )   0.0332  -0.0375   0.0991   0.0659   0.0707   0.0683   0.0048
    24(H )   0.0441  -0.0083   0.0860   0.0419   0.0524   0.0471   0.0106
    25(H )   0.0374   0.0052   0.0620   0.0246   0.0322   0.0284   0.0077
    26(H )   0.0475   0.0303   0.0637   0.0163   0.0171   0.0167   0.0008
    27(H )   0.0408   0.0288   0.0524   0.0117   0.0120   0.0118   0.0003
    28(H )   0.0408   0.0355   0.0456   0.0048   0.0053   0.0051   0.0005
 
 Condensed local electrophilicity/nucleophilicity index (e*eV)
     Atom              Electrophilicity          Nucleophilicity
     1(C )                  0.00598                  0.00804
     2(C )                  0.00734                  0.00746
     3(C )                  0.00906                  0.01394
     4(C )                  0.01593                  0.01718
     5(C )                  0.10212                  0.10735
     6(C )                  0.09489                  0.12701
     7(C )                  0.03045                  0.01479
     8(O )                  0.01961                  0.01807
     9(C )                  0.00995                  0.00519
    10(O )                  0.01043                  0.01305
    11(C )                  0.00639                  0.00570
    12(O )                  0.00748                  0.00913
    13(H )                  0.01185                  0.01343
    14(H )                  0.00513                  0.00602
    15(H )                  0.00558                  0.00663
    16(H )                  0.00707                  0.00739
    17(H )                  0.00917                  0.00829
    18(H )                  0.00966                  0.01093
    19(H )                  0.00789                  0.00889
    20(H )                  0.01516                  0.01549
    21(H )                  0.03007                  0.03135
    22(H )                  0.03843                  0.03355
    23(H )                  0.04011                  0.03860
    24(H )                  0.02974                  0.02451
    25(H )                  0.01829                  0.01439
    26(H )                  0.00971                  0.00953
    27(H )                  0.00680                  0.00683
    28(H )                  0.00303                  0.00282
 
 Condensed local softnesses (Hartree*e) and relative electrophilicity/nucleophilicity (dimensionless)
     Atom         s-          s+          s0        s+/s-       s-/s+
     1(C )      0.0322      0.0247      0.0285      0.7676      1.3028
     2(C )      0.0299      0.0304      0.0301      1.0160      0.9843
     3(C )      0.0559      0.0375      0.0467      0.6704      1.4916
     4(C )      0.0688      0.0659      0.0674      0.9569      1.0450
     5(C )      0.4302      0.4224      0.4263      0.9819      1.0184
     6(C )      0.5090      0.3925      0.4508      0.7711      1.2968
     7(C )      0.0593      0.1259      0.0926      2.1250      0.4706
     8(O )      0.0724      0.0811      0.0768      1.1199      0.8929
     9(C )      0.0208      0.0411      0.0310      1.9770      0.5058
    10(O )      0.0523      0.0431      0.0477      0.8248      1.2124
    11(C )      0.0228      0.0265      0.0246      1.1581      0.8635
    12(O )      0.0366      0.0310      0.0338      0.8457      1.1824
    13(H )      0.0538      0.0490      0.0514      0.9108      1.0980
    14(H )      0.0241      0.0212      0.0227      0.8799      1.1365
    15(H )      0.0266      0.0231      0.0248      0.8695      1.1501
    16(H )      0.0296      0.0292      0.0294      0.9870      1.0131
    17(H )      0.0332      0.0379      0.0356      1.1414      0.8761
    18(H )      0.0438      0.0400      0.0419      0.9123      1.0962
    19(H )      0.0356      0.0326      0.0341      0.9161      1.0916
    20(H )      0.0621      0.0627      0.0624      1.0105      0.9896
    21(H )      0.1257      0.1244      0.1250      0.9900      1.0101
    22(H )      0.1344      0.1590      0.1467      1.1824      0.8457
    23(H )      0.1547      0.1659      0.1603      1.0726      0.9323
    24(H )      0.0982      0.1230      0.1106      1.2526      0.7983
    25(H )      0.0577      0.0756      0.0667      1.3119      0.7623
    26(H )      0.0382      0.0402      0.0392      1.0510      0.9515
    27(H )      0.0274      0.0281      0.0277      1.0287      0.9721
    28(H )      0.0113      0.0125      0.0119      1.1067      0.9036
 
 E(N):     -577.566725 Hartree
 E(N+1):   -577.486964 Hartree
 E(N-1):   -577.220370 Hartree
 E_HOMO(N):     -0.313678 Hartree,   -8.5356 eV
 E_HOMO(N+1):    0.113412 Hartree,    3.0861 eV
 E_HOMO(N-1):    0.000000 Hartree,    0.0000 eV
 Vertical IP:    0.346355 Hartree,    9.4248 eV
 Vertical EA:   -0.079761 Hartree,   -2.1704 eV
 Mulliken electronegativity:     0.133297 Hartree,    3.6272 eV
 Chemical potential:            -0.133297 Hartree,   -3.6272 eV
 Hardness (=fundamental gap):    0.426116 Hartree,   11.5952 eV
 Softness:    2.346779 Hartree^-1,    0.0862 eV^-1
 Electrophilicity index:    0.020849 Hartree,    0.5673 eV
 Nucleophilicity index:     0.021520 Hartree,    0.5856 eV
