 Note: the E(HOMO) of TCE used for evaluating nucleophilicity index is the value evaluated at B3LYP/6-31G* level
 
 Hirshfeld charges, condensed Fukui functions and condensed dual descriptors
 Units used below are "e" (elementary charge)
     Atom     q(N)    q(N+1)   q(N-1)     f-       f+       f0      CDD
     1(C )   0.0183   0.0132   0.0249   0.0066   0.0050   0.0058  -0.0016
     2(O )  -0.1347  -0.1433  -0.1223   0.0124   0.0086   0.0105  -0.0038
     3(C )   0.2846   0.2793   0.2892   0.0046   0.0052   0.0049   0.0007
     4(O )  -0.2945  -0.2995  -0.2853   0.0092   0.0051   0.0071  -0.0041
     5(O )  -0.1374  -0.1491  -0.1185   0.0189   0.0117   0.0153  -0.0071
     6(C )   0.0450   0.0259   0.0652   0.0203   0.0191   0.0197  -0.0012
     7(C )  -0.0316  -0.1130   0.1099   0.1414   0.0815   0.1115  -0.0600
     8(C )  -0.0340  -0.0648   0.0526   0.0866   0.0308   0.0587  -0.0558
     9(C )   0.0112  -0.0577   0.0618   0.0505   0.0690   0.0598   0.0184
    10(C )  -0.0261  -0.0687   0.0294   0.0555   0.0426   0.0490  -0.0128
    11(C )  -0.0271  -0.0722   0.0087   0.0358   0.0451   0.0404   0.0092
    12(C )   0.0206  -0.0288   0.1065   0.0859   0.0494   0.0677  -0.0366
    13(N )   0.2716   0.2027   0.2821   0.0105   0.0689   0.0397   0.0584
    14(O )  -0.2123  -0.3325  -0.1638   0.0485   0.1202   0.0844   0.0717
    15(O )  -0.2129  -0.3326  -0.1632   0.0496   0.1197   0.0847   0.0701
    16(C )  -0.0277  -0.0832   0.0111   0.0388   0.0555   0.0472   0.0168
    17(C )  -0.0293  -0.0710   0.0328   0.0621   0.0417   0.0519  -0.0205
    18(H )   0.0502   0.0413   0.0613   0.0111   0.0089   0.0100  -0.0023
    19(H )   0.0427   0.0411   0.0461   0.0034   0.0016   0.0025  -0.0018
    20(H )   0.0429   0.0364   0.0509   0.0080   0.0065   0.0072  -0.0015
    21(H )   0.0479   0.0321   0.0684   0.0205   0.0158   0.0182  -0.0047
    22(H )   0.0427   0.0201   0.0748   0.0321   0.0226   0.0274  -0.0095
    23(H )   0.0401   0.0159   0.0766   0.0365   0.0243   0.0304  -0.0122
    24(H )   0.0406   0.0165   0.0785   0.0379   0.0241   0.0310  -0.0137
    25(H )   0.0500   0.0226   0.0754   0.0254   0.0274   0.0264   0.0019
    26(H )   0.0554   0.0274   0.0828   0.0275   0.0279   0.0277   0.0005
    27(H )   0.0555   0.0247   0.0840   0.0285   0.0309   0.0297   0.0024
    28(H )   0.0482   0.0173   0.0800   0.0318   0.0309   0.0313  -0.0010
 
 Condensed local electrophilicity/nucleophilicity index (e*eV)
     Atom              Electrophilicity          Nucleophilicity
     1(C )                  0.00746                  0.00491
     2(O )                  0.01277                  0.00917
     3(C )                  0.00775                  0.00339
     4(O )                  0.00750                  0.00678
     5(O )                  0.01737                  0.01396
     6(C )                  0.02822                  0.01500
     7(C )                  0.12063                  0.10473
     8(C )                  0.04566                  0.06415
     9(C )                  0.10214                  0.03742
    10(C )                  0.06312                  0.04108
    11(C )                  0.06670                  0.02654
    12(C )                  0.07311                  0.06363
    13(N )                  0.10202                  0.00776
    14(O )                  0.17798                  0.03593
    15(O )                  0.17727                  0.03676
    16(C )                  0.08224                  0.02872
    17(C )                  0.06168                  0.04600
    18(H )                  0.01315                  0.00825
    19(H )                  0.00243                  0.00252
    20(H )                  0.00956                  0.00592
    21(H )                  0.02342                  0.01519
    22(H )                  0.03350                  0.02377
    23(H )                  0.03597                  0.02701
    24(H )                  0.03573                  0.02803
    25(H )                  0.04052                  0.01884
    26(H )                  0.04134                  0.02033
    27(H )                  0.04572                  0.02110
    28(H )                  0.04570                  0.02357
 
 Condensed local softnesses (Hartree*e) and relative electrophilicity/nucleophilicity (dimensionless)
     Atom         s-          s+          s0        s+/s-       s-/s+
     1(C )      0.0215      0.0164      0.0189      0.7602      1.3154
     2(O )      0.0402      0.0280      0.0341      0.6960      1.4368
     3(C )      0.0149      0.0170      0.0159      1.1422      0.8755
     4(O )      0.0297      0.0164      0.0231      0.5534      1.8071
     5(O )      0.0612      0.0381      0.0497      0.6221      1.6074
     6(C )      0.0658      0.0619      0.0638      0.9411      1.0626
     7(C )      0.4594      0.2646      0.3620      0.5760      1.7361
     8(C )      0.2814      0.1002      0.1908      0.3560      2.8092
     9(C )      0.1641      0.2240      0.1941      1.3650      0.7326
    10(C )      0.1802      0.1384      0.1593      0.7684      1.3014
    11(C )      0.1164      0.1463      0.1314      1.2567      0.7957
    12(C )      0.2791      0.1604      0.2197      0.5746      1.7403
    13(N )      0.0340      0.2238      0.1289      6.5779      0.1520
    14(O )      0.1576      0.3904      0.2740      2.4773      0.4037
    15(O )      0.1613      0.3889      0.2751      2.4114      0.4147
    16(C )      0.1260      0.1804      0.1532      1.4320      0.6983
    17(C )      0.2018      0.1353      0.1685      0.6706      1.4911
    18(H )      0.0362      0.0289      0.0325      0.7977      1.2536
    19(H )      0.0110      0.0053      0.0082      0.4819      2.0749
    20(H )      0.0260      0.0210      0.0235      0.8075      1.2383
    21(H )      0.0666      0.0514      0.0590      0.7709      1.2971
    22(H )      0.1043      0.0735      0.0889      0.7048      1.4188
    23(H )      0.1185      0.0789      0.0987      0.6659      1.5018
    24(H )      0.1229      0.0784      0.1007      0.6374      1.5689
    25(H )      0.0827      0.0889      0.0858      1.0753      0.9299
    26(H )      0.0892      0.0907      0.0899      1.0167      0.9836
    27(H )      0.0925      0.1003      0.0964      1.0838      0.9226
    28(H )      0.1034      0.1002      0.1018      0.9695      1.0315
 
 E(N):     -855.577622 Hartree
 E(N+1):   -855.606728 Hartree
 E(N-1):   -855.240632 Hartree
 E_HOMO(N):     -0.307986 Hartree,   -8.3807 eV
 E_HOMO(N+1):    0.002137 Hartree,    0.0582 eV
 E_HOMO(N-1):    0.000000 Hartree,    0.0000 eV
 Vertical IP:    0.336990 Hartree,    9.1700 eV
 Vertical EA:    0.029106 Hartree,    0.7920 eV
 Mulliken electronegativity:     0.183048 Hartree,    4.9810 eV
 Chemical potential:            -0.183048 Hartree,   -4.9810 eV
 Hardness (=fundamental gap):    0.307884 Hartree,    8.3780 eV
 Softness:    3.247975 Hartree^-1,    0.1194 eV^-1
 Electrophilicity index:    0.054414 Hartree,    1.4807 eV
 Nucleophilicity index:     0.027212 Hartree,    0.7405 eV
