 Note: the E(HOMO) of TCE used for evaluating nucleophilicity index is the value evaluated at B3LYP/6-31G* level
 
 Hirshfeld charges, condensed Fukui functions and condensed dual descriptors
 Units used below are "e" (elementary charge)
     Atom     q(N)    q(N+1)   q(N-1)     f-       f+       f0      CDD
     1(C )   0.0175   0.0109   0.0241   0.0066   0.0066   0.0066  -0.0000
     2(O )  -0.1356  -0.1465  -0.1234   0.0122   0.0109   0.0116  -0.0012
     3(C )   0.2842   0.2761   0.2887   0.0045   0.0081   0.0063   0.0036
     4(O )  -0.2952  -0.3035  -0.2859   0.0093   0.0083   0.0088  -0.0010
     5(O )  -0.1378  -0.1537  -0.1194   0.0184   0.0159   0.0172  -0.0025
     6(C )   0.0442   0.0178   0.0644   0.0202   0.0264   0.0233   0.0062
     7(C )  -0.0365  -0.1472   0.1034   0.1399   0.1107   0.1253  -0.0292
     8(C )  -0.0336  -0.0998   0.0462   0.0799   0.0662   0.0730  -0.0137
     9(C )   0.0051  -0.0609   0.0630   0.0579   0.0659   0.0619   0.0080
    10(C )  -0.0291  -0.0904   0.0296   0.0587   0.0613   0.0600   0.0026
    11(C )  -0.0325  -0.0771   0.0066   0.0391   0.0446   0.0419   0.0055
    12(C )  -0.0324  -0.1170   0.0594   0.0918   0.0846   0.0882  -0.0072
    13(C )   0.3064   0.2812   0.3219   0.0155   0.0252   0.0203   0.0096
    14(F )  -0.1094  -0.1335  -0.0873   0.0221   0.0240   0.0231   0.0019
    15(F )  -0.1241  -0.1536  -0.0971   0.0270   0.0295   0.0282   0.0025
    16(F )  -0.1192  -0.1464  -0.0943   0.0249   0.0272   0.0261   0.0023
    17(C )  -0.0314  -0.0908   0.0119   0.0433   0.0594   0.0513   0.0162
    18(C )  -0.0317  -0.0794   0.0280   0.0596   0.0478   0.0537  -0.0118
    19(H )   0.0496   0.0386   0.0606   0.0111   0.0109   0.0110  -0.0001
    20(H )   0.0423   0.0394   0.0455   0.0033   0.0029   0.0031  -0.0004
    21(H )   0.0424   0.0344   0.0505   0.0081   0.0080   0.0081  -0.0001
    22(H )   0.0469   0.0262   0.0673   0.0203   0.0207   0.0205   0.0004
    23(H )   0.0416   0.0116   0.0731   0.0315   0.0300   0.0308  -0.0015
    24(H )   0.0390   0.0036   0.0752   0.0362   0.0354   0.0358  -0.0007
    25(H )   0.0393   0.0034   0.0764   0.0371   0.0359   0.0365  -0.0012
    26(H )   0.0472   0.0152   0.0742   0.0270   0.0320   0.0295   0.0050
    27(H )   0.0474   0.0155   0.0776   0.0302   0.0319   0.0311   0.0017
    28(H )   0.0500   0.0130   0.0819   0.0319   0.0370   0.0345   0.0051
    29(H )   0.0455   0.0131   0.0780   0.0324   0.0325   0.0324   0.0000
 
 Condensed local electrophilicity/nucleophilicity index (e*eV)
     Atom              Electrophilicity          Nucleophilicity
     1(C )                  0.00736                  0.00649
     2(O )                  0.01229                  0.01203
     3(C )                  0.00906                  0.00446
     4(O )                  0.00933                  0.00915
     5(O )                  0.01789                  0.01813
     6(C )                  0.02965                  0.01990
     7(C )                  0.12435                  0.13802
     8(C )                  0.07430                  0.07879
     9(C )                  0.07405                  0.05717
    10(C )                  0.06881                  0.05792
    11(C )                  0.05011                  0.03857
    12(C )                  0.09504                  0.09056
    13(C )                  0.02827                  0.01532
    14(F )                  0.02700                  0.02184
    15(F )                  0.03312                  0.02661
    16(F )                  0.03056                  0.02456
    17(C )                  0.06672                  0.04268
    18(C )                  0.05366                  0.05882
    19(H )                  0.01230                  0.01092
    20(H )                  0.00325                  0.00321
    21(H )                  0.00899                  0.00800
    22(H )                  0.02328                  0.02006
    23(H )                  0.03372                  0.03109
    24(H )                  0.03980                  0.03570
    25(H )                  0.04033                  0.03660
    26(H )                  0.03591                  0.02665
    27(H )                  0.03584                  0.02981
    28(H )                  0.04159                  0.03151
    29(H )                  0.03646                  0.03199
 
 Condensed local softnesses (Hartree*e) and relative electrophilicity/nucleophilicity (dimensionless)
     Atom         s-          s+          s0        s+/s-       s-/s+
     1(C )      0.0200      0.0200      0.0200      0.9963      1.0037
     2(O )      0.0372      0.0334      0.0353      0.8976      1.1141
     3(C )      0.0138      0.0246      0.0192      1.7854      0.5601
     4(O )      0.0283      0.0253      0.0268      0.8956      1.1166
     5(O )      0.0560      0.0486      0.0523      0.8667      1.1538
     6(C )      0.0615      0.0805      0.0710      1.3090      0.7639
     7(C )      0.4265      0.3375      0.3820      0.7915      1.2634
     8(C )      0.2434      0.2017      0.2226      0.8284      1.2071
     9(C )      0.1766      0.2010      0.1888      1.1379      0.8788
    10(C )      0.1790      0.1868      0.1829      1.0437      0.9582
    11(C )      0.1192      0.1360      0.1276      1.1414      0.8761
    12(C )      0.2798      0.2580      0.2689      0.9219      1.0847
    13(C )      0.0473      0.0767      0.0620      1.6209      0.6170
    14(F )      0.0675      0.0733      0.0704      1.0859      0.9209
    15(F )      0.0822      0.0899      0.0861      1.0934      0.9146
    16(F )      0.0759      0.0830      0.0794      1.0934      0.9146
    17(C )      0.1319      0.1811      0.1565      1.3734      0.7281
    18(C )      0.1818      0.1457      0.1637      0.8013      1.2479
    19(H )      0.0337      0.0334      0.0336      0.9894      1.0107
    20(H )      0.0099      0.0088      0.0094      0.8883      1.1257
    21(H )      0.0247      0.0244      0.0246      0.9868      1.0134
    22(H )      0.0620      0.0632      0.0626      1.0196      0.9808
    23(H )      0.0961      0.0915      0.0938      0.9528      1.0495
    24(H )      0.1103      0.1080      0.1092      0.9796      1.0209
    25(H )      0.1131      0.1095      0.1113      0.9679      1.0332
    26(H )      0.0824      0.0975      0.0899      1.1837      0.8448
    27(H )      0.0921      0.0973      0.0947      1.0560      0.9470
    28(H )      0.0974      0.1129      0.1051      1.1596      0.8624
    29(H )      0.0989      0.0990      0.0989      1.0011      0.9989
 
 E(N):     -987.996169 Hartree
 E(N+1):   -987.996701 Hartree
 E(N-1):   -987.667605 Hartree
 E_HOMO(N):     -0.298942 Hartree,   -8.1346 eV
 E_HOMO(N+1):    0.030081 Hartree,    0.8185 eV
 E_HOMO(N-1):    0.000000 Hartree,    0.0000 eV
 Vertical IP:    0.328564 Hartree,    8.9407 eV
 Vertical EA:    0.000532 Hartree,    0.0145 eV
 Mulliken electronegativity:     0.164548 Hartree,    4.4776 eV
 Chemical potential:            -0.164548 Hartree,   -4.4776 eV
 Hardness (=fundamental gap):    0.328032 Hartree,    8.9262 eV
 Softness:    3.048482 Hartree^-1,    0.1120 eV^-1
 Electrophilicity index:    0.041270 Hartree,    1.1230 eV
 Nucleophilicity index:     0.036256 Hartree,    0.9866 eV
