 Note: the E(HOMO) of TCE used for evaluating nucleophilicity index is the value evaluated at B3LYP/6-31G* level
 
 Hirshfeld charges, condensed Fukui functions and condensed dual descriptors
 Units used below are "e" (elementary charge)
     Atom     q(N)    q(N+1)   q(N-1)     f-       f+       f0      CDD
     1(C )  -0.0861  -0.0897  -0.0823   0.0038   0.0036   0.0037  -0.0002
     2(C )   0.0450   0.0362   0.0525   0.0076   0.0087   0.0081   0.0012
     3(O )  -0.1385  -0.1559  -0.1165   0.0221   0.0174   0.0197  -0.0047
     4(C )   0.2820   0.2652   0.2907   0.0088   0.0167   0.0127   0.0080
     5(O )  -0.2900  -0.3021  -0.2739   0.0161   0.0121   0.0141  -0.0041
     6(O )  -0.1408  -0.1751  -0.1102   0.0305   0.0344   0.0325   0.0038
     7(C )   0.0409  -0.0121   0.0661   0.0251   0.0531   0.0391   0.0279
     8(C )  -0.0581  -0.2256   0.1612   0.2193   0.1676   0.1934  -0.0517
     9(C )  -0.0187  -0.1943   0.1663   0.1850   0.1755   0.1803  -0.0095
    10(C )  -0.0090  -0.0266   0.0091   0.0181   0.0176   0.0179  -0.0005
    11(C )  -0.0807  -0.1036  -0.0525   0.0282   0.0228   0.0255  -0.0054
    12(C )  -0.0795  -0.1030  -0.0504   0.0291   0.0235   0.0263  -0.0055
    13(H )   0.0381   0.0222   0.0540   0.0159   0.0159   0.0159   0.0000
    14(H )   0.0330   0.0401   0.0246  -0.0084  -0.0071  -0.0078   0.0013
    15(H )   0.0330   0.0276   0.0383   0.0054   0.0054   0.0054   0.0000
    16(H )   0.0356   0.0268   0.0442   0.0086   0.0088   0.0087   0.0001
    17(H )   0.0412   0.0249   0.0572   0.0160   0.0164   0.0162   0.0003
    18(H )   0.0374   0.0053   0.0620   0.0246   0.0321   0.0284   0.0075
    19(H )   0.0441  -0.0069   0.0861   0.0420   0.0510   0.0465   0.0090
    20(H )   0.0332  -0.0376   0.0997   0.0665   0.0708   0.0686   0.0043
    21(H )   0.0372  -0.0288   0.0934   0.0562   0.0661   0.0611   0.0099
    22(H )   0.0280   0.0060   0.0506   0.0226   0.0220   0.0223  -0.0007
    23(H )   0.0278   0.0074   0.0497   0.0219   0.0205   0.0212  -0.0014
    24(H )   0.0281   0.0089   0.0473   0.0192   0.0192   0.0192  -0.0000
    25(H )   0.0296  -0.0133   0.0674   0.0378   0.0429   0.0403   0.0051
    26(H )   0.0293   0.0085   0.0512   0.0218   0.0208   0.0213  -0.0010
    27(H )   0.0291  -0.0158   0.0677   0.0386   0.0449   0.0418   0.0063
    28(H )   0.0290   0.0115   0.0465   0.0176   0.0175   0.0175  -0.0001
 
 Condensed local electrophilicity/nucleophilicity index (e*eV)
     Atom              Electrophilicity          Nucleophilicity
     1(C )                  0.00209                  0.00210
     2(C )                  0.00502                  0.00415
     3(O )                  0.00999                  0.01214
     4(C )                  0.00963                  0.00481
     5(O )                  0.00694                  0.00887
     6(O )                  0.01978                  0.01680
     7(C )                  0.03054                  0.01383
     8(C )                  0.09642                  0.12056
     9(C )                  0.10100                  0.10172
    10(C )                  0.01015                  0.00995
    11(C )                  0.01314                  0.01552
    12(C )                  0.01355                  0.01598
    13(H )                  0.00914                  0.00873
    14(H )                 -0.00409                 -0.00462
    15(H )                  0.00310                  0.00294
    16(H )                  0.00505                  0.00474
    17(H )                  0.00941                  0.00881
    18(H )                  0.01848                  0.01352
    19(H )                  0.02933                  0.02309
    20(H )                  0.04072                  0.03654
    21(H )                  0.03803                  0.03090
    22(H )                  0.01265                  0.01245
    23(H )                  0.01179                  0.01202
    24(H )                  0.01104                  0.01056
    25(H )                  0.02468                  0.02079
    26(H )                  0.01197                  0.01200
    27(H )                  0.02585                  0.02125
    28(H )                  0.01005                  0.00965
 
 Condensed local softnesses (Hartree*e) and relative electrophilicity/nucleophilicity (dimensionless)
     Atom         s-          s+          s0        s+/s-       s-/s+
     1(C )      0.0090      0.0085      0.0088      0.9504      1.0522
     2(C )      0.0177      0.0205      0.0191      1.1550      0.8658
     3(O )      0.0519      0.0408      0.0463      0.7865      1.2714
     4(C )      0.0206      0.0393      0.0299      1.9103      0.5235
     5(O )      0.0379      0.0283      0.0331      0.7476      1.3376
     6(O )      0.0718      0.0807      0.0763      1.1252      0.8887
     7(C )      0.0591      0.1247      0.0919      2.1104      0.4738
     8(C )      0.5151      0.3936      0.4543      0.7642      1.3086
     9(C )      0.4346      0.4123      0.4235      0.9487      1.0541
    10(C )      0.0425      0.0414      0.0420      0.9746      1.0261
    11(C )      0.0663      0.0536      0.0600      0.8088      1.2364
    12(C )      0.0683      0.0553      0.0618      0.8100      1.2345
    13(H )      0.0373      0.0373      0.0373      1.0000      1.0000
    14(H )     -0.0197     -0.0167     -0.0182      0.8459      1.1821
    15(H )      0.0126      0.0127      0.0126      1.0068      0.9932
    16(H )      0.0203      0.0206      0.0204      1.0173      0.9830
    17(H )      0.0376      0.0384      0.0380      1.0209      0.9795
    18(H )      0.0578      0.0754      0.0666      1.3054      0.7661
    19(H )      0.0986      0.1197      0.1092      1.2138      0.8238
    20(H )      0.1561      0.1662      0.1612      1.0648      0.9391
    21(H )      0.1320      0.1552      0.1436      1.1759      0.8504
    22(H )      0.0532      0.0516      0.0524      0.9708      1.0301
    23(H )      0.0514      0.0481      0.0497      0.9368      1.0675
    24(H )      0.0451      0.0451      0.0451      0.9985      1.0015
    25(H )      0.0888      0.1007      0.0948      1.1341      0.8817
    26(H )      0.0513      0.0489      0.0501      0.9534      1.0489
    27(H )      0.0908      0.1055      0.0981      1.1623      0.8604
    28(H )      0.0412      0.0410      0.0411      0.9945      1.0056
 
 E(N):     -577.573506 Hartree
 E(N+1):   -577.494833 Hartree
 E(N-1):   -577.226465 Hartree
 E_HOMO(N):     -0.314993 Hartree,   -8.5714 eV
 E_HOMO(N+1):    0.111723 Hartree,    3.0401 eV
 E_HOMO(N-1):    0.000000 Hartree,    0.0000 eV
 Vertical IP:    0.347040 Hartree,    9.4434 eV
 Vertical EA:   -0.078673 Hartree,   -2.1408 eV
 Mulliken electronegativity:     0.134184 Hartree,    3.6513 eV
 Chemical potential:            -0.134184 Hartree,   -3.6513 eV
 Hardness (=fundamental gap):    0.425713 Hartree,   11.5842 eV
 Softness:    2.349001 Hartree^-1,    0.0863 eV^-1
 Electrophilicity index:    0.021147 Hartree,    0.5754 eV
 Nucleophilicity index:     0.020205 Hartree,    0.5498 eV
