 Note: the E(HOMO) of TCE used for evaluating nucleophilicity index is the value evaluated at B3LYP/6-31G* level
 
 Hirshfeld charges, condensed Fukui functions and condensed dual descriptors
 Units used below are "e" (elementary charge)
     Atom     q(N)    q(N+1)   q(N-1)     f-       f+       f0      CDD
     1(C )  -0.0856  -0.0864  -0.0848   0.0008   0.0008   0.0008  -0.0001
     2(C )   0.0461   0.0454   0.0477   0.0015   0.0008   0.0011  -0.0007
     3(O )  -0.1360  -0.1426  -0.1269   0.0092   0.0066   0.0079  -0.0026
     4(C )   0.2867   0.2835   0.2912   0.0045   0.0032   0.0038  -0.0013
     5(O )  -0.2621  -0.2512  -0.2786  -0.0165  -0.0109  -0.0137   0.0056
     6(O )  -0.1374  -0.1448  -0.1277   0.0097   0.0074   0.0086  -0.0023
     7(C )   0.0428   0.0393   0.0468   0.0040   0.0035   0.0037  -0.0005
     8(C )  -0.0604  -0.0721  -0.0462   0.0142   0.0117   0.0130  -0.0025
     9(C )  -0.0177  -0.0103  -0.0253  -0.0076  -0.0074  -0.0075   0.0001
    10(C )  -0.0451  -0.0467  -0.0433   0.0018   0.0016   0.0017  -0.0003
    11(C )  -0.0450  -0.0465  -0.0400   0.0050   0.0015   0.0032  -0.0035
    12(C )   0.0327   0.0306   0.0382   0.0054   0.0021   0.0038  -0.0033
    13(O )  -0.2351  -0.2397  -0.1978   0.0373   0.0046   0.0209  -0.0327
    14(Si)   0.4050   0.3583   0.4423   0.0373   0.0468   0.0420   0.0095
    15(C )  -0.0960  -0.1201  -0.0640   0.0319   0.0241   0.0280  -0.0078
    16(C )  -0.0347  -0.0476  -0.0074   0.0273   0.0130   0.0201  -0.0143
    17(C )  -0.0413  -0.0728  -0.0125   0.0287   0.0315   0.0301   0.0028
    18(C )  -0.0380  -0.0914   0.0236   0.0616   0.0534   0.0575  -0.0082
    19(C )  -0.0415  -0.0696  -0.0091   0.0324   0.0282   0.0303  -0.0042
    20(C )  -0.0324  -0.0659  -0.0086   0.0238   0.0335   0.0287   0.0097
    21(C )  -0.0970  -0.1628  -0.0864   0.0106   0.0658   0.0382   0.0552
    22(C )  -0.0317  -0.0717  -0.0199   0.0118   0.0400   0.0259   0.0282
    23(C )  -0.0391  -0.0957  -0.0172   0.0219   0.0565   0.0392   0.0346
    24(C )  -0.0361  -0.1309  -0.0052   0.0309   0.0948   0.0628   0.0638
    25(C )  -0.0410  -0.0817  -0.0216   0.0195   0.0407   0.0301   0.0212
    26(C )  -0.0357  -0.0964  -0.0290   0.0067   0.0606   0.0337   0.0540
    27(C )  -0.0654  -0.0692   0.0118   0.0772   0.0038   0.0405  -0.0734
    28(C )  -0.0852  -0.0909  -0.0650   0.0203   0.0057   0.0130  -0.0145
    29(C )  -0.0837  -0.0868  -0.0638   0.0198   0.0031   0.0115  -0.0167
    30(C )  -0.0844  -0.0888  -0.0625   0.0219   0.0045   0.0132  -0.0174
    31(H )   0.0392   0.0376   0.0418   0.0026   0.0016   0.0021  -0.0011
    32(H )   0.0330   0.0368   0.0259  -0.0071  -0.0038  -0.0055   0.0033
    33(H )   0.0339   0.0277   0.0416   0.0077   0.0062   0.0070  -0.0015
    34(H )   0.0350   0.0399   0.0302  -0.0048  -0.0049  -0.0049  -0.0000
    35(H )   0.0425   0.0370   0.0504   0.0079   0.0055   0.0067  -0.0024
    36(H )   0.0450   0.0371   0.0546   0.0097   0.0079   0.0088  -0.0018
    37(H )   0.0385   0.0393   0.0360  -0.0026  -0.0008  -0.0017   0.0018
    38(H )   0.0336   0.0252   0.0444   0.0109   0.0083   0.0096  -0.0025
    39(H )   0.0338   0.0396   0.0245  -0.0093  -0.0058  -0.0075   0.0034
    40(H )   0.0306   0.0209   0.0425   0.0119   0.0096   0.0108  -0.0023
    41(H )   0.0327   0.0358   0.0306  -0.0021  -0.0031  -0.0026  -0.0010
    42(H )   0.0287   0.0188   0.0413   0.0126   0.0099   0.0113  -0.0028
    43(H )   0.0277   0.0279   0.0345   0.0068  -0.0002   0.0033  -0.0070
    44(H )   0.0185   0.0107   0.0282   0.0097   0.0078   0.0087  -0.0019
    45(H )   0.0229   0.0243   0.0305   0.0076  -0.0014   0.0031  -0.0090
    46(H )   0.0339   0.0275   0.0490   0.0152   0.0063   0.0108  -0.0088
    47(H )   0.0400   0.0188   0.0628   0.0228   0.0212   0.0220  -0.0016
    48(H )   0.0405   0.0113   0.0696   0.0290   0.0292   0.0291   0.0001
    49(H )   0.0397   0.0177   0.0632   0.0234   0.0220   0.0227  -0.0014
    50(H )   0.0364   0.0176   0.0516   0.0152   0.0188   0.0170   0.0036
    51(H )   0.0388   0.0137   0.0474   0.0086   0.0250   0.0168   0.0164
    52(H )   0.0413   0.0063   0.0597   0.0185   0.0350   0.0267   0.0165
    53(H )   0.0418  -0.0047   0.0618   0.0200   0.0466   0.0333   0.0266
    54(H )   0.0407   0.0100   0.0573   0.0167   0.0307   0.0237   0.0140
    55(H )   0.0340   0.0038   0.0391   0.0051   0.0302   0.0177   0.0251
    56(H )   0.0227   0.0196   0.0375   0.0149   0.0031   0.0090  -0.0118
    57(H )   0.0211   0.0150   0.0362   0.0151   0.0061   0.0106  -0.0091
    58(H )   0.0240   0.0081   0.0611   0.0371   0.0158   0.0265  -0.0213
    59(H )   0.0252   0.0220   0.0392   0.0140   0.0032   0.0086  -0.0108
    60(H )   0.0252   0.0088   0.0612   0.0360   0.0163   0.0262  -0.0197
    61(H )   0.0227   0.0229   0.0408   0.0181  -0.0002   0.0090  -0.0183
    62(H )   0.0265   0.0195   0.0445   0.0180   0.0070   0.0125  -0.0111
    63(H )   0.0208   0.0216   0.0392   0.0184  -0.0008   0.0088  -0.0192
    64(H )   0.0238   0.0073   0.0632   0.0395   0.0165   0.0280  -0.0230
 
 Condensed local electrophilicity/nucleophilicity index (e*eV)
     Atom              Electrophilicity          Nucleophilicity
     1(C )                  0.00060                  0.00092
     2(C )                  0.00060                  0.00164
     3(O )                  0.00496                  0.00996
     4(C )                  0.00240                  0.00487
     5(O )                 -0.00823                 -0.01796
     6(O )                  0.00557                  0.01059
     7(C )                  0.00261                  0.00431
     8(C )                  0.00880                  0.01546
     9(C )                 -0.00560                 -0.00821
    10(C )                  0.00118                  0.00201
    11(C )                  0.00112                  0.00543
    12(C )                  0.00159                  0.00588
    13(O )                  0.00347                  0.04053
    14(Si)                  0.03521                  0.04051
    15(C )                  0.01815                  0.03470
    16(C )                  0.00976                  0.02965
    17(C )                  0.02373                  0.03122
    18(C )                  0.04020                  0.06698
    19(C )                  0.02120                  0.03521
    20(C )                  0.02524                  0.02588
    21(C )                  0.04954                  0.01152
    22(C )                  0.03011                  0.01284
    23(C )                  0.04257                  0.02386
    24(C )                  0.07136                  0.03363
    25(C )                  0.03061                  0.02116
    26(C )                  0.04567                  0.00728
    27(C )                  0.00285                  0.08390
    28(C )                  0.00429                  0.02202
    29(C )                  0.00236                  0.02155
    30(C )                  0.00337                  0.02376
    31(H )                  0.00118                  0.00285
    32(H )                 -0.00288                 -0.00770
    33(H )                  0.00466                  0.00841
    34(H )                 -0.00366                 -0.00527
    35(H )                  0.00414                  0.00861
    36(H )                  0.00594                  0.01050
    37(H )                 -0.00059                 -0.00278
    38(H )                  0.00627                  0.01181
    39(H )                 -0.00437                 -0.01006
    40(H )                  0.00725                  0.01294
    41(H )                 -0.00233                 -0.00233
    42(H )                  0.00743                  0.01373
    43(H )                 -0.00015                  0.00735
    44(H )                  0.00588                  0.01051
    45(H )                 -0.00104                  0.00824
    46(H )                  0.00478                  0.01649
    47(H )                  0.01598                  0.02477
    48(H )                  0.02198                  0.03158
    49(H )                  0.01660                  0.02547
    50(H )                  0.01417                  0.01650
    51(H )                  0.01884                  0.00936
    52(H )                  0.02634                  0.02007
    53(H )                  0.03508                  0.02174
    54(H )                  0.02310                  0.01814
    55(H )                  0.02275                  0.00556
    56(H )                  0.00232                  0.01618
    57(H )                  0.00457                  0.01645
    58(H )                  0.01193                  0.04033
    59(H )                  0.00239                  0.01522
    60(H )                  0.01231                  0.03917
    61(H )                 -0.00015                  0.01969
    62(H )                  0.00525                  0.01961
    63(H )                 -0.00060                  0.02002
    64(H )                  0.01240                  0.04290
 
 Condensed local softnesses (Hartree*e) and relative electrophilicity/nucleophilicity (dimensionless)
     Atom         s-          s+          s0        s+/s-       s-/s+
     1(C )      0.0024      0.0022      0.0023      0.9311      1.0740
     2(C )      0.0043      0.0022      0.0033      0.5247      1.9058
     3(O )      0.0259      0.0187      0.0223      0.7198      1.3894
     4(C )      0.0127      0.0090      0.0109      0.7119      1.4046
     5(O )     -0.0468     -0.0309     -0.0389      0.6613      1.5122
     6(O )      0.0276      0.0209      0.0243      0.7589      1.3176
     7(C )      0.0112      0.0098      0.0105      0.8766      1.1408
     8(C )      0.0403      0.0331      0.0367      0.8212      1.2178
     9(C )     -0.0214     -0.0211     -0.0212      0.9846      1.0157
    10(C )      0.0052      0.0044      0.0048      0.8495      1.1772
    11(C )      0.0142      0.0042      0.0092      0.2981      3.3545
    12(C )      0.0153      0.0060      0.0106      0.3895      2.5673
    13(O )      0.1056      0.0130      0.0593      0.1235      8.0973
    14(Si)      0.1055      0.1324      0.1190      1.2548      0.7969
    15(C )      0.0904      0.0683      0.0793      0.7550      1.3245
    16(C )      0.0772      0.0367      0.0570      0.4754      2.1036
    17(C )      0.0813      0.0893      0.0853      1.0975      0.9111
    18(C )      0.1745      0.1512      0.1628      0.8664      1.1542
    19(C )      0.0917      0.0797      0.0857      0.8695      1.1501
    20(C )      0.0674      0.0949      0.0812      1.4079      0.7103
    21(C )      0.0300      0.1863      0.1082      6.2102      0.1610
    22(C )      0.0335      0.1132      0.0733      3.3842      0.2955
    23(C )      0.0621      0.1601      0.1111      2.5763      0.3882
    24(C )      0.0876      0.2684      0.1780      3.0638      0.3264
    25(C )      0.0551      0.1151      0.0851      2.0891      0.4787
    26(C )      0.0190      0.1718      0.0954      9.0586      0.1104
    27(C )      0.2186      0.0107      0.1146      0.0490     20.3905
    28(C )      0.0574      0.0162      0.0368      0.2816      3.5512
    29(C )      0.0561      0.0089      0.0325      0.1584      6.3126
    30(C )      0.0619      0.0127      0.0373      0.2044      4.8914
    31(H )      0.0074      0.0044      0.0059      0.5967      1.6760
    32(H )     -0.0200     -0.0108     -0.0154      0.5404      1.8504
    33(H )      0.0219      0.0175      0.0197      0.8002      1.2497
    34(H )     -0.0137     -0.0138     -0.0137      1.0040      0.9960
    35(H )      0.0224      0.0156      0.0190      0.6936      1.4418
    36(H )      0.0274      0.0223      0.0248      0.8161      1.2254
    37(H )     -0.0072     -0.0022     -0.0047      0.3044      3.2855
    38(H )      0.0308      0.0236      0.0272      0.7666      1.3045
    39(H )     -0.0262     -0.0164     -0.0213      0.6274      1.5938
    40(H )      0.0337      0.0273      0.0305      0.8089      1.2363
    41(H )     -0.0061     -0.0088     -0.0074      1.4449      0.6921
    42(H )      0.0358      0.0280      0.0319      0.7814      1.2798
    43(H )      0.0192     -0.0006      0.0093     -0.0304    -32.9390
    44(H )      0.0274      0.0221      0.0247      0.8076      1.2383
    45(H )      0.0215     -0.0039      0.0088     -0.1816     -5.5081
    46(H )      0.0430      0.0180      0.0305      0.4185      2.3893
    47(H )      0.0645      0.0601      0.0623      0.9312      1.0738
    48(H )      0.0823      0.0827      0.0825      1.0047      0.9953
    49(H )      0.0664      0.0624      0.0644      0.9411      1.0626
    50(H )      0.0430      0.0533      0.0481      1.2398      0.8066
    51(H )      0.0244      0.0709      0.0476      2.9063      0.3441
    52(H )      0.0523      0.0991      0.0757      1.8944      0.5279
    53(H )      0.0566      0.1319      0.0943      2.3293      0.4293
    54(H )      0.0473      0.0869      0.0671      1.8382      0.5440
    55(H )      0.0145      0.0856      0.0500      5.9098      0.1692
    56(H )      0.0422      0.0087      0.0254      0.2068      4.8353
    57(H )      0.0429      0.0172      0.0300      0.4012      2.4922
    58(H )      0.1051      0.0449      0.0750      0.4269      2.3425
    59(H )      0.0396      0.0090      0.0243      0.2269      4.4064
    60(H )      0.1021      0.0463      0.0742      0.4536      2.2046
    61(H )      0.0513     -0.0006      0.0254     -0.0110    -90.6596
    62(H )      0.0511      0.0197      0.0354      0.3865      2.5876
    63(H )      0.0522     -0.0023      0.0249     -0.0433    -23.1099
    64(H )      0.1118      0.0466      0.0792      0.4172      2.3969
 
 E(N):    -1561.989663 Hartree
 E(N+1):  -1561.952921 Hartree
 E(N-1):  -1561.673329 Hartree
 E_HOMO(N):     -0.295245 Hartree,   -8.0340 eV
 E_HOMO(N+1):    0.061784 Hartree,    1.6812 eV
 E_HOMO(N-1):    0.000000 Hartree,    0.0000 eV
 Vertical IP:    0.316334 Hartree,    8.6079 eV
 Vertical EA:   -0.036743 Hartree,   -0.9998 eV
 Mulliken electronegativity:     0.139796 Hartree,    3.8040 eV
 Chemical potential:            -0.139796 Hartree,   -3.8040 eV
 Hardness (=fundamental gap):    0.353077 Hartree,    9.6077 eV
 Softness:    2.832246 Hartree^-1,    0.1041 eV^-1
 Electrophilicity index:    0.027675 Hartree,    0.7531 eV
 Nucleophilicity index:     0.039953 Hartree,    1.0872 eV
