 Note: the E(HOMO) of TCE used for evaluating nucleophilicity index is the value evaluated at B3LYP/6-31G* level
 
 Hirshfeld charges, condensed Fukui functions and condensed dual descriptors
 Units used below are "e" (elementary charge)
     Atom     q(N)    q(N+1)   q(N-1)     f-       f+       f0      CDD
     1(C )  -0.0857  -0.0896  -0.0819   0.0038   0.0039   0.0039   0.0001
     2(C )   0.0459   0.0417   0.0496   0.0037   0.0042   0.0040   0.0005
     3(O )  -0.1360  -0.1466  -0.1251   0.0109   0.0105   0.0107  -0.0004
     4(C )   0.2843   0.2755   0.2881   0.0038   0.0088   0.0063   0.0050
     5(O )  -0.2925  -0.3012  -0.2843   0.0082   0.0088   0.0085   0.0006
     6(O )  -0.1386  -0.1555  -0.1213   0.0173   0.0169   0.0171  -0.0003
     7(C )   0.0426   0.0134   0.0625   0.0199   0.0292   0.0245   0.0094
     8(C )  -0.0437  -0.1628   0.0936   0.1373   0.1191   0.1282  -0.0182
     9(C )  -0.0336  -0.1151   0.0348   0.0685   0.0815   0.0750   0.0130
    10(C )  -0.0051  -0.0623   0.0630   0.0681   0.0572   0.0626  -0.0109
    11(C )  -0.0355  -0.0968   0.0214   0.0568   0.0613   0.0591   0.0045
    12(C )  -0.0379  -0.0824   0.0088   0.0467   0.0445   0.0456  -0.0022
    13(C )  -0.0385  -0.1381   0.0754   0.1139   0.0996   0.1068  -0.0142
    14(C )  -0.0397  -0.0956   0.0111   0.0508   0.0560   0.0534   0.0052
    15(C )  -0.0390  -0.0897   0.0236   0.0625   0.0507   0.0566  -0.0118
    16(H )   0.0390   0.0286   0.0489   0.0099   0.0104   0.0101   0.0005
    17(H )   0.0336   0.0337   0.0335  -0.0001  -0.0000  -0.0001   0.0001
    18(H )   0.0335   0.0272   0.0396   0.0061   0.0063   0.0062   0.0002
    19(H )   0.0361   0.0346   0.0375   0.0014   0.0016   0.0015   0.0002
    20(H )   0.0422   0.0330   0.0508   0.0086   0.0092   0.0089   0.0005
    21(H )   0.0451   0.0231   0.0649   0.0198   0.0220   0.0209   0.0023
    22(H )   0.0394   0.0069   0.0699   0.0306   0.0324   0.0315   0.0019
    23(H )   0.0373  -0.0021   0.0730   0.0357   0.0394   0.0376   0.0037
    24(H )   0.0367  -0.0033   0.0718   0.0351   0.0400   0.0375   0.0049
    25(H )   0.0424   0.0108   0.0709   0.0284   0.0317   0.0300   0.0033
    26(H )   0.0428   0.0086   0.0777   0.0349   0.0341   0.0345  -0.0008
    27(H )   0.0423  -0.0077   0.0890   0.0467   0.0500   0.0484   0.0032
    28(H )   0.0425   0.0047   0.0787   0.0362   0.0378   0.0370   0.0016
    29(H )   0.0398   0.0069   0.0745   0.0347   0.0329   0.0338  -0.0018
 
 Condensed local electrophilicity/nucleophilicity index (e*eV)
     Atom              Electrophilicity          Nucleophilicity
     1(C )                  0.00341                  0.00555
     2(C )                  0.00370                  0.00538
     3(O )                  0.00919                  0.01590
     4(C )                  0.00773                  0.00555
     5(O )                  0.00764                  0.01193
     6(O )                  0.01477                  0.02517
     7(C )                  0.02552                  0.02897
     8(C )                  0.10401                  0.20020
     9(C )                  0.07117                  0.09984
    10(C )                  0.04995                  0.09927
    11(C )                  0.05354                  0.08291
    12(C )                  0.03891                  0.06812
    13(C )                  0.08702                  0.16607
    14(C )                  0.04889                  0.07407
    15(C )                  0.04427                  0.09118
    16(H )                  0.00906                  0.01446
    17(H )                 -0.00003                 -0.00015
    18(H )                  0.00550                  0.00883
    19(H )                  0.00137                  0.00197
    20(H )                  0.00799                  0.01259
    21(H )                  0.01924                  0.02883
    22(H )                  0.02831                  0.04457
    23(H )                  0.03442                  0.05209
    24(H )                  0.03491                  0.05115
    25(H )                  0.02765                  0.04143
    26(H )                  0.02979                  0.05097
    27(H )                  0.04365                  0.06814
    28(H )                  0.03303                  0.05282
    29(H )                  0.02870                  0.05057
 
 Condensed local softnesses (Hartree*e) and relative electrophilicity/nucleophilicity (dimensionless)
     Atom         s-          s+          s0        s+/s-       s-/s+
     1(C )      0.0114      0.0117      0.0116      1.0247      0.9759
     2(C )      0.0111      0.0127      0.0119      1.1463      0.8724
     3(O )      0.0328      0.0317      0.0322      0.9653      1.0359
     4(C )      0.0114      0.0266      0.0190      2.3269      0.4298
     5(O )      0.0246      0.0263      0.0255      1.0701      0.9345
     6(O )      0.0519      0.0509      0.0514      0.9802      1.0202
     7(C )      0.0597      0.0879      0.0738      1.4708      0.6799
     8(C )      0.4128      0.3581      0.3855      0.8676      1.1526
     9(C )      0.2059      0.2450      0.2255      1.1903      0.8401
    10(C )      0.2047      0.1720      0.1883      0.8402      1.1902
    11(C )      0.1710      0.1844      0.1777      1.0784      0.9273
    12(C )      0.1405      0.1340      0.1372      0.9538      1.0484
    13(C )      0.3424      0.2996      0.3210      0.8751      1.1428
    14(C )      0.1527      0.1683      0.1605      1.1023      0.9072
    15(C )      0.1880      0.1524      0.1702      0.8109      1.2333
    16(H )      0.0298      0.0312      0.0305      1.0463      0.9558
    17(H )     -0.0003     -0.0001     -0.0002      0.2859      3.4973
    18(H )      0.0182      0.0189      0.0186      1.0389      0.9626
    19(H )      0.0041      0.0047      0.0044      1.1634      0.8595
    20(H )      0.0260      0.0275      0.0267      1.0602      0.9432
    21(H )      0.0595      0.0662      0.0628      1.1140      0.8976
    22(H )      0.0919      0.0975      0.0947      1.0608      0.9427
    23(H )      0.1074      0.1185      0.1130      1.1035      0.9062
    24(H )      0.1055      0.1202      0.1128      1.1397      0.8774
    25(H )      0.0854      0.0952      0.0903      1.1145      0.8972
    26(H )      0.1051      0.1026      0.1038      0.9762      1.0244
    27(H )      0.1405      0.1503      0.1454      1.0696      0.9350
    28(H )      0.1089      0.1137      0.1113      1.0444      0.9575
    29(H )      0.1043      0.0988      0.1016      0.9479      1.0550
 
 E(N):     -690.573809 Hartree
 E(N+1):   -690.553639 Hartree
 E(N-1):   -690.261437 Hartree
 E_HOMO(N):     -0.281603 Hartree,   -7.6628 eV
 E_HOMO(N+1):    0.051363 Hartree,    1.3977 eV
 E_HOMO(N-1):    0.000000 Hartree,    0.0000 eV
 Vertical IP:    0.312373 Hartree,    8.5001 eV
 Vertical EA:   -0.020171 Hartree,   -0.5489 eV
 Mulliken electronegativity:     0.146101 Hartree,    3.9756 eV
 Chemical potential:            -0.146101 Hartree,   -3.9756 eV
 Hardness (=fundamental gap):    0.332543 Hartree,    9.0490 eV
 Softness:    3.007127 Hartree^-1,    0.1105 eV^-1
 Electrophilicity index:    0.032094 Hartree,    0.8733 eV
 Nucleophilicity index:     0.053595 Hartree,    1.4584 eV
