 Note: the E(HOMO) of TCE used for evaluating nucleophilicity index is the value evaluated at B3LYP/6-31G* level
 
 Hirshfeld charges, condensed Fukui functions and condensed dual descriptors
 Units used below are "e" (elementary charge)
     Atom     q(N)    q(N+1)   q(N-1)     f-       f+       f0      CDD
     1(O )  -0.2935  -0.2971  -0.2898   0.0037   0.0037   0.0037  -0.0000
     2(C )   0.2818   0.2747   0.2867   0.0048   0.0071   0.0060   0.0023
     3(O )  -0.1407  -0.1588  -0.1227   0.0180   0.0181   0.0181   0.0001
     4(C )   0.0412   0.0155   0.0587   0.0174   0.0257   0.0216   0.0082
     5(C )  -0.0491  -0.1489   0.0710   0.1201   0.0998   0.1100  -0.0203
     6(C )  -0.0284  -0.0759   0.0099   0.0384   0.0475   0.0429   0.0091
     7(C )  -0.0382  -0.1171   0.0488   0.0871   0.0788   0.0830  -0.0083
     8(C )  -0.0319  -0.1178   0.0551   0.0871   0.0859   0.0865  -0.0012
     9(C )  -0.0054  -0.0387   0.0274   0.0328   0.0333   0.0330   0.0004
    10(C )  -0.0367  -0.0828   0.0061   0.0428   0.0461   0.0445   0.0033
    11(C )  -0.0385  -0.0742  -0.0031   0.0354   0.0357   0.0355   0.0003
    12(C )  -0.0387  -0.1178   0.0452   0.0840   0.0791   0.0815  -0.0049
    13(C )  -0.0395  -0.0812  -0.0019   0.0376   0.0417   0.0397   0.0041
    14(C )  -0.0381  -0.0809   0.0125   0.0506   0.0428   0.0467  -0.0078
    15(O )  -0.1387  -0.1495  -0.1268   0.0119   0.0108   0.0113  -0.0011
    16(C )   0.0161   0.0103   0.0218   0.0057   0.0058   0.0057   0.0002
    17(H )   0.0381   0.0208   0.0535   0.0154   0.0173   0.0163   0.0019
    18(H )   0.0453   0.0176   0.0706   0.0253   0.0276   0.0265   0.0023
    19(H )   0.0356  -0.0006   0.0720   0.0364   0.0362   0.0363  -0.0002
    20(H )   0.0430   0.0175   0.0665   0.0236   0.0255   0.0245   0.0019
    21(H )   0.0389   0.0086   0.0680   0.0291   0.0304   0.0297   0.0013
    22(H )   0.0392   0.0035   0.0733   0.0341   0.0357   0.0349   0.0016
    23(H )   0.0401   0.0173   0.0601   0.0200   0.0228   0.0214   0.0028
    24(H )   0.0423   0.0145   0.0700   0.0277   0.0278   0.0277   0.0001
    25(H )   0.0422   0.0020   0.0794   0.0372   0.0402   0.0387   0.0030
    26(H )   0.0427   0.0126   0.0715   0.0288   0.0301   0.0294   0.0012
    27(H )   0.0404   0.0146   0.0668   0.0264   0.0257   0.0261  -0.0007
    28(H )   0.0479   0.0373   0.0584   0.0105   0.0106   0.0106   0.0002
    29(H )   0.0410   0.0336   0.0484   0.0074   0.0074   0.0074   0.0001
    30(H )   0.0419   0.0411   0.0427   0.0008   0.0008   0.0008  -0.0000
 
 Condensed local electrophilicity/nucleophilicity index (e*eV)
     Atom              Electrophilicity          Nucleophilicity
     1(O )                  0.00365                  0.00726
     2(C )                  0.00712                  0.00950
     3(O )                  0.01805                  0.03524
     4(C )                  0.02556                  0.03420
     5(C )                  0.09942                  0.23541
     6(C )                  0.04731                  0.07519
     7(C )                  0.07851                  0.17070
     8(C )                  0.08555                  0.17069
     9(C )                  0.03313                  0.06433
    10(C )                  0.04593                  0.08390
    11(C )                  0.03558                  0.06933
    12(C )                  0.07875                  0.16461
    13(C )                  0.04154                  0.07375
    14(C )                  0.04263                  0.09917
    15(O )                  0.01071                  0.02332
    16(C )                  0.00582                  0.01108
    17(H )                  0.01720                  0.03017
    18(H )                  0.02752                  0.04957
    19(H )                  0.03604                  0.07135
    20(H )                  0.02539                  0.04618
    21(H )                  0.03025                  0.05702
    22(H )                  0.03557                  0.06691
    23(H )                  0.02274                  0.03917
    24(H )                  0.02766                  0.05428
    25(H )                  0.04005                  0.07286
    26(H )                  0.02995                  0.05650
    27(H )                  0.02563                  0.05184
    28(H )                  0.01059                  0.02054
    29(H )                  0.00739                  0.01444
    30(H )                  0.00078                  0.00160
 
 Condensed local softnesses (Hartree*e) and relative electrophilicity/nucleophilicity (dimensionless)
     Atom         s-          s+          s0        s+/s-       s-/s+
     1(O )      0.0128      0.0126      0.0127      0.9895      1.0106
     2(C )      0.0167      0.0246      0.0207      1.4750      0.6780
     3(O )      0.0620      0.0625      0.0622      1.0081      0.9920
     4(C )      0.0601      0.0885      0.0743      1.4711      0.6798
     5(C )      0.4139      0.3440      0.3790      0.8311      1.2032
     6(C )      0.1322      0.1637      0.1480      1.2382      0.8076
     7(C )      0.3002      0.2717      0.2859      0.9051      1.1049
     8(C )      0.3001      0.2961      0.2981      0.9864      1.0138
     9(C )      0.1131      0.1146      0.1139      1.0134      0.9867
    10(C )      0.1475      0.1589      0.1532      1.0774      0.9282
    11(C )      0.1219      0.1231      0.1225      1.0099      0.9902
    12(C )      0.2894      0.2725      0.2810      0.9415      1.0621
    13(C )      0.1297      0.1437      0.1367      1.1085      0.9021
    14(C )      0.1744      0.1475      0.1609      0.8459      1.1822
    15(O )      0.0410      0.0371      0.0390      0.9036      1.1067
    16(C )      0.0195      0.0201      0.0198      1.0334      0.9677
    17(H )      0.0531      0.0595      0.0563      1.1215      0.8916
    18(H )      0.0872      0.0952      0.0912      1.0925      0.9153
    19(H )      0.1255      0.1247      0.1251      0.9940      1.0060
    20(H )      0.0812      0.0879      0.0845      1.0820      0.9242
    21(H )      0.1003      0.1047      0.1025      1.0440      0.9579
    22(H )      0.1177      0.1231      0.1204      1.0460      0.9560
    23(H )      0.0689      0.0787      0.0738      1.1425      0.8753
    24(H )      0.0954      0.0957      0.0956      1.0027      0.9973
    25(H )      0.1281      0.1386      0.1333      1.0819      0.9243
    26(H )      0.0994      0.1036      0.1015      1.0430      0.9588
    27(H )      0.0912      0.0887      0.0899      0.9731      1.0276
    28(H )      0.0361      0.0366      0.0364      1.0145      0.9857
    29(H )      0.0254      0.0256      0.0255      1.0078      0.9923
    30(H )      0.0028      0.0027      0.0027      0.9564      1.0456
 
 E(N):     -728.617445 Hartree
 E(N+1):   -728.618111 Hartree
 E(N-1):   -728.326632 Hartree
 E_HOMO(N):     -0.263166 Hartree,   -7.1611 eV
 E_HOMO(N+1):    0.027156 Hartree,    0.7390 eV
 E_HOMO(N-1):    0.000000 Hartree,    0.0000 eV
 Vertical IP:    0.290813 Hartree,    7.9134 eV
 Vertical EA:    0.000666 Hartree,    0.0181 eV
 Mulliken electronegativity:     0.145739 Hartree,    3.9658 eV
 Chemical potential:            -0.145739 Hartree,   -3.9658 eV
 Hardness (=fundamental gap):    0.290148 Hartree,    7.8953 eV
 Softness:    3.446519 Hartree^-1,    0.1267 eV^-1
 Electrophilicity index:    0.036602 Hartree,    0.9960 eV
 Nucleophilicity index:     0.072032 Hartree,    1.9601 eV
