 Note: the E(HOMO) of TCE used for evaluating nucleophilicity index is the value evaluated at B3LYP/6-31G* level
 
 Hirshfeld charges, condensed Fukui functions and condensed dual descriptors
 Units used below are "e" (elementary charge)
     Atom     q(N)    q(N+1)   q(N-1)     f-       f+       f0      CDD
     1(O )  -0.2941  -0.2991  -0.2937   0.0004   0.0050   0.0027   0.0046
     2(C )   0.2819   0.2746   0.2839   0.0019   0.0073   0.0046   0.0054
     3(O )  -0.1386  -0.1491  -0.1337   0.0049   0.0105   0.0077   0.0056
     4(C )   0.0162   0.0102   0.0186   0.0025   0.0060   0.0042   0.0036
     5(O )  -0.1401  -0.1573  -0.1340   0.0061   0.0172   0.0117   0.0111
     6(C )   0.0420   0.0165   0.0479   0.0059   0.0255   0.0157   0.0196
     7(C )  -0.0445  -0.1423  -0.0123   0.0321   0.0978   0.0650   0.0656
     8(C )  -0.0270  -0.0959  -0.0181   0.0089   0.0689   0.0389   0.0600
     9(C )  -0.0361  -0.1088  -0.0140   0.0221   0.0726   0.0474   0.0505
    10(C )  -0.0274  -0.1233  -0.0176   0.0097   0.0959   0.0528   0.0862
    11(C )   0.0287   0.0093   0.0340   0.0053   0.0194   0.0123   0.0142
    12(O )  -0.1510  -0.1601  -0.1488   0.0022   0.0091   0.0057   0.0069
    13(C )   0.0971   0.0899   0.0995   0.0023   0.0072   0.0048   0.0048
    14(C )  -0.0061  -0.0166  -0.0132  -0.0072   0.0105   0.0017   0.0177
    15(C )  -0.0340  -0.0481  -0.0290   0.0050   0.0140   0.0095   0.0090
    16(C )  -0.0380  -0.0560  -0.0216   0.0165   0.0179   0.0172   0.0015
    17(C )  -0.0388  -0.0736  -0.0150   0.0238   0.0349   0.0293   0.0111
    18(C )  -0.0402  -0.0582  -0.0190   0.0211   0.0180   0.0196  -0.0031
    19(C )  -0.0398  -0.0503  -0.0372   0.0025   0.0105   0.0065   0.0080
    20(C )  -0.0024   0.0026   0.0545   0.0569  -0.0050   0.0260  -0.0619
    21(C )  -0.0418  -0.0416  -0.0074   0.0344  -0.0002   0.0171  -0.0346
    22(C )  -0.0398  -0.0491   0.0003   0.0401   0.0093   0.0247  -0.0308
    23(C )  -0.0433  -0.0602   0.0388   0.0821   0.0169   0.0495  -0.0652
    24(C )  -0.0408  -0.0544  -0.0092   0.0315   0.0137   0.0226  -0.0179
    25(C )  -0.0428  -0.0453  -0.0014   0.0415   0.0024   0.0220  -0.0390
    26(C )  -0.0065  -0.0043   0.0284   0.0349  -0.0022   0.0164  -0.0371
    27(C )  -0.0402  -0.0462  -0.0136   0.0266   0.0060   0.0163  -0.0206
    28(C )  -0.0395  -0.0576  -0.0138   0.0257   0.0181   0.0219  -0.0076
    29(C )  -0.0423  -0.0595   0.0188   0.0611   0.0172   0.0392  -0.0439
    30(C )  -0.0394  -0.0453  -0.0095   0.0299   0.0059   0.0179  -0.0240
    31(C )  -0.0430  -0.0393  -0.0198   0.0233  -0.0037   0.0098  -0.0270
    32(H )   0.0480   0.0375   0.0530   0.0050   0.0105   0.0077   0.0055
    33(H )   0.0411   0.0336   0.0444   0.0034   0.0074   0.0054   0.0041
    34(H )   0.0416   0.0397   0.0414  -0.0002   0.0019   0.0009   0.0020
    35(H )   0.0383   0.0206   0.0438   0.0055   0.0177   0.0116   0.0122
    36(H )   0.0461   0.0176   0.0549   0.0088   0.0285   0.0187   0.0197
    37(H )   0.0364   0.0016   0.0455   0.0090   0.0348   0.0219   0.0258
    38(H )   0.0428   0.0064   0.0520   0.0092   0.0364   0.0228   0.0272
    39(H )   0.0396   0.0012   0.0472   0.0076   0.0384   0.0230   0.0308
    40(H )   0.0396   0.0043   0.0473   0.0077   0.0353   0.0215   0.0276
    41(H )   0.0271   0.0060   0.0392   0.0121   0.0211   0.0166   0.0090
    42(H )   0.0249   0.0107   0.0284   0.0035   0.0143   0.0089   0.0108
    43(H )   0.0401   0.0312   0.0419   0.0018   0.0089   0.0054   0.0071
    44(H )   0.0429   0.0285   0.0567   0.0138   0.0144   0.0141   0.0005
    45(H )   0.0424   0.0224   0.0591   0.0167   0.0199   0.0183   0.0032
    46(H )   0.0420   0.0280   0.0566   0.0147   0.0140   0.0143  -0.0007
    47(H )   0.0349   0.0284   0.0377   0.0028   0.0065   0.0046   0.0037
    48(H )   0.0372   0.0400   0.0569   0.0198  -0.0028   0.0085  -0.0226
    49(H )   0.0404   0.0323   0.0671   0.0267   0.0081   0.0174  -0.0187
    50(H )   0.0401   0.0276   0.0747   0.0346   0.0125   0.0235  -0.0221
    51(H )   0.0406   0.0296   0.0660   0.0254   0.0110   0.0182  -0.0144
    52(H )   0.0342   0.0313   0.0547   0.0205   0.0029   0.0117  -0.0176
    53(H )   0.0358   0.0301   0.0498   0.0140   0.0058   0.0099  -0.0082
    54(H )   0.0414   0.0280   0.0627   0.0213   0.0134   0.0173  -0.0079
    55(H )   0.0411   0.0279   0.0692   0.0281   0.0132   0.0207  -0.0150
    56(H )   0.0413   0.0360   0.0628   0.0215   0.0052   0.0134  -0.0163
    57(H )   0.0321   0.0380   0.0447   0.0126  -0.0059   0.0033  -0.0185
 
 Condensed local electrophilicity/nucleophilicity index (e*eV)
     Atom              Electrophilicity          Nucleophilicity
     1(O )                  0.00424                  0.00057
     2(C )                  0.00622                  0.00265
     3(O )                  0.00888                  0.00667
     4(C )                  0.00511                  0.00336
     5(O )                  0.01460                  0.00835
     6(C )                  0.02164                  0.00804
     7(C )                  0.08300                  0.04402
     8(C )                  0.05849                  0.01214
     9(C )                  0.06163                  0.03028
    10(C )                  0.08142                  0.01330
    11(C )                  0.01649                  0.00720
    12(O )                  0.00773                  0.00300
    13(C )                  0.00609                  0.00320
    14(C )                  0.00892                 -0.00980
    15(C )                  0.01190                  0.00688
    16(C )                  0.01523                  0.02252
    17(C )                  0.02960                  0.03253
    18(C )                  0.01532                  0.02896
    19(C )                  0.00894                  0.00347
    20(C )                 -0.00422                  0.07790
    21(C )                 -0.00020                  0.04712
    22(C )                  0.00791                  0.05494
    23(C )                  0.01435                  0.11240
    24(C )                  0.01161                  0.04318
    25(C )                  0.00207                  0.05679
    26(C )                 -0.00187                  0.04782
    27(C )                  0.00508                  0.03641
    28(C )                  0.01536                  0.03524
    29(C )                  0.01461                  0.08366
    30(C )                  0.00499                  0.04090
    31(C )                 -0.00317                  0.03184
    32(H )                  0.00890                  0.00683
    33(H )                  0.00632                  0.00462
    34(H )                  0.00159                 -0.00021
    35(H )                  0.01501                  0.00750
    36(H )                  0.02421                  0.01205
    37(H )                  0.02954                  0.01236
    38(H )                  0.03091                  0.01263
    39(H )                  0.03257                  0.01035
    40(H )                  0.02995                  0.01055
    41(H )                  0.01789                  0.01658
    42(H )                  0.01211                  0.00480
    43(H )                  0.00757                  0.00248
    44(H )                  0.01221                  0.01896
    45(H )                  0.01693                  0.02290
    46(H )                  0.01189                  0.02008
    47(H )                  0.00548                  0.00383
    48(H )                 -0.00241                  0.02707
    49(H )                  0.00684                  0.03661
    50(H )                  0.01059                  0.04736
    51(H )                  0.00933                  0.03480
    52(H )                  0.00246                  0.02804
    53(H )                  0.00490                  0.01910
    54(H )                  0.01136                  0.02918
    55(H )                  0.01119                  0.03854
    56(H )                  0.00444                  0.02942
    57(H )                 -0.00502                  0.01726
 
 Condensed local softnesses (Hartree*e) and relative electrophilicity/nucleophilicity (dimensionless)
     Atom         s-          s+          s0        s+/s-       s-/s+
     1(O )      0.0013      0.0152      0.0082     11.9389      0.0838
     2(C )      0.0059      0.0222      0.0140      3.7845      0.2642
     3(O )      0.0148      0.0317      0.0232      2.1458      0.4660
     4(C )      0.0074      0.0182      0.0128      2.4529      0.4077
     5(O )      0.0185      0.0521      0.0353      2.8197      0.3546
     6(C )      0.0178      0.0773      0.0475      4.3403      0.2304
     7(C )      0.0974      0.2964      0.1969      3.0419      0.3287
     8(C )      0.0269      0.2089      0.1179      7.7727      0.1287
     9(C )      0.0670      0.2201      0.1435      3.2829      0.3046
    10(C )      0.0294      0.2907      0.1601      9.8770      0.1012
    11(C )      0.0159      0.0589      0.0374      3.6941      0.2707
    12(O )      0.0066      0.0276      0.0171      4.1610      0.2403
    13(C )      0.0071      0.0217      0.0144      3.0708      0.3256
    14(C )     -0.0217      0.0319      0.0051     -1.4680     -0.6812
    15(C )      0.0152      0.0425      0.0289      2.7917      0.3582
    16(C )      0.0499      0.0544      0.0521      1.0911      0.9165
    17(C )      0.0720      0.1057      0.0888      1.4678      0.6813
    18(C )      0.0641      0.0547      0.0594      0.8532      1.1720
    19(C )      0.0077      0.0319      0.0198      4.1558      0.2406
    20(C )      0.1724     -0.0151      0.0787     -0.0874    -11.4458
    21(C )      0.1043     -0.0007      0.0518     -0.0068   -147.9611
    22(C )      0.1216      0.0283      0.0749      0.2323      4.3043
    23(C )      0.2488      0.0512      0.1500      0.2060      4.8555
    24(C )      0.0956      0.0414      0.0685      0.4336      2.3062
    25(C )      0.1257      0.0074      0.0666      0.0589     16.9651
    26(C )      0.1058     -0.0067      0.0496     -0.0632    -15.8291
    27(C )      0.0806      0.0181      0.0494      0.2251      4.4431
    28(C )      0.0780      0.0549      0.0664      0.7032      1.4221
    29(C )      0.1852      0.0522      0.1187      0.2817      3.5501
    30(C )      0.0905      0.0178      0.0542      0.1969      5.0782
    31(C )      0.0705     -0.0113      0.0296     -0.1608     -6.2195
    32(H )      0.0151      0.0318      0.0234      2.1013      0.4759
    33(H )      0.0102      0.0226      0.0164      2.2036      0.4538
    34(H )     -0.0005      0.0057      0.0026    -12.2100     -0.0819
    35(H )      0.0166      0.0536      0.0351      3.2313      0.3095
    36(H )      0.0267      0.0865      0.0566      3.2418      0.3085
    37(H )      0.0274      0.1055      0.0664      3.8549      0.2594
    38(H )      0.0279      0.1104      0.0692      3.9491      0.2532
    39(H )      0.0229      0.1163      0.0696      5.0783      0.1969
    40(H )      0.0233      0.1070      0.0652      4.5816      0.2183
    41(H )      0.0367      0.0639      0.0503      1.7404      0.5746
    42(H )      0.0106      0.0432      0.0269      4.0709      0.2456
    43(H )      0.0055      0.0270      0.0163      4.9198      0.2033
    44(H )      0.0420      0.0436      0.0428      1.0390      0.9625
    45(H )      0.0507      0.0605      0.0556      1.1928      0.8383
    46(H )      0.0445      0.0424      0.0435      0.9547      1.0474
    47(H )      0.0085      0.0196      0.0140      2.3127      0.4324
    48(H )      0.0599     -0.0086      0.0257     -0.1433     -6.9771
    49(H )      0.0810      0.0244      0.0527      0.3015      3.3172
    50(H )      0.1048      0.0378      0.0713      0.3606      2.7731
    51(H )      0.0770      0.0333      0.0552      0.4327      2.3113
    52(H )      0.0621      0.0088      0.0354      0.1417      7.0590
    53(H )      0.0423      0.0175      0.0299      0.4139      2.4163
    54(H )      0.0646      0.0406      0.0526      0.6280      1.5923
    55(H )      0.0853      0.0400      0.0626      0.4684      2.1350
    56(H )      0.0651      0.0159      0.0405      0.2436      4.1056
    57(H )      0.0382     -0.0179      0.0101     -0.4690     -2.1323
 
 E(N):    -1343.836012 Hartree
 E(N+1):  -1343.814505 Hartree
 E(N-1):  -1343.527565 Hartree
 E_HOMO(N):     -0.284882 Hartree,   -7.7520 eV
 E_HOMO(N+1):    0.046183 Hartree,    1.2567 eV
 E_HOMO(N-1):    0.000000 Hartree,    0.0000 eV
 Vertical IP:    0.308447 Hartree,    8.3933 eV
 Vertical EA:   -0.021508 Hartree,   -0.5853 eV
 Mulliken electronegativity:     0.143470 Hartree,    3.9040 eV
 Chemical potential:            -0.143470 Hartree,   -3.9040 eV
 Hardness (=fundamental gap):    0.329955 Hartree,    8.9785 eV
 Softness:    3.030716 Hartree^-1,    0.1114 eV^-1
 Electrophilicity index:    0.031192 Hartree,    0.8488 eV
 Nucleophilicity index:     0.050316 Hartree,    1.3692 eV
