 Note: the E(HOMO) of TCE used for evaluating nucleophilicity index is the value evaluated at B3LYP/6-31G* level
 
 Hirshfeld charges, condensed Fukui functions and condensed dual descriptors
 Units used below are "e" (elementary charge)
     Atom     q(N)    q(N+1)   q(N-1)     f-       f+       f0      CDD
     1(C )   0.0166   0.0095   0.0214   0.0048   0.0071   0.0059   0.0023
     2(O )  -0.1370  -0.1486  -0.1284   0.0086   0.0116   0.0101   0.0030
     3(C )   0.2836   0.2740   0.2866   0.0030   0.0096   0.0063   0.0066
     4(O )  -0.2962  -0.3065  -0.2913   0.0049   0.0103   0.0076   0.0054
     5(O )  -0.1385  -0.1562  -0.1271   0.0114   0.0177   0.0145   0.0063
     6(C )   0.0430   0.0134   0.0572   0.0142   0.0296   0.0219   0.0154
     7(C )  -0.0430  -0.1634   0.0304   0.0734   0.1204   0.0969   0.0469
     8(C )  -0.0323  -0.1149  -0.0121   0.0202   0.0826   0.0514   0.0624
     9(C )  -0.0030  -0.0606   0.0481   0.0512   0.0576   0.0544   0.0064
    10(C )  -0.0521  -0.0955   0.0774   0.1296   0.0434   0.0865  -0.0862
    11(C )  -0.0374  -0.0833   0.0054   0.0429   0.0459   0.0444   0.0030
    12(C )  -0.0701  -0.1569   0.0312   0.1013   0.0868   0.0941  -0.0145
    13(C )   0.0791   0.0368   0.1529   0.0739   0.0423   0.0581  -0.0316
    14(O )  -0.1408  -0.1623  -0.0510   0.0898   0.0215   0.0556  -0.0683
    15(C )   0.0140   0.0020   0.0342   0.0202   0.0120   0.0161  -0.0082
    16(C )  -0.0563  -0.1184  -0.0276   0.0286   0.0621   0.0454   0.0335
    17(H )   0.0485   0.0369   0.0571   0.0086   0.0116   0.0101   0.0030
    18(H )   0.0416   0.0380   0.0430   0.0014   0.0036   0.0025   0.0022
    19(H )   0.0416   0.0331   0.0481   0.0065   0.0085   0.0075   0.0020
    20(H )   0.0456   0.0235   0.0598   0.0142   0.0221   0.0182   0.0079
    21(H )   0.0397   0.0068   0.0605   0.0209   0.0329   0.0269   0.0120
    22(H )   0.0375  -0.0025   0.0559   0.0185   0.0400   0.0292   0.0215
    23(H )   0.0375  -0.0014   0.0605   0.0231   0.0389   0.0310   0.0158
    24(H )   0.0403   0.0140   0.0838   0.0435   0.0263   0.0349  -0.0172
    25(H )   0.0428   0.0093   0.0788   0.0360   0.0335   0.0347  -0.0025
    26(H )   0.0366  -0.0052   0.0783   0.0417   0.0418   0.0418   0.0001
    27(H )   0.0473   0.0262   0.0759   0.0287   0.0211   0.0249  -0.0076
    28(H )   0.0344   0.0216   0.0587   0.0244   0.0128   0.0186  -0.0116
    29(H )   0.0345   0.0219   0.0587   0.0242   0.0126   0.0184  -0.0116
    30(H )   0.0430   0.0088   0.0735   0.0305   0.0341   0.0323   0.0037
 
 Condensed local electrophilicity/nucleophilicity index (e*eV)
     Atom              Electrophilicity          Nucleophilicity
     1(C )                  0.00591                  0.00803
     2(O )                  0.00964                  0.01446
     3(C )                  0.00798                  0.00503
     4(O )                  0.00854                  0.00818
     5(O )                  0.01468                  0.01917
     6(C )                  0.02454                  0.02382
     7(C )                  0.09992                  0.12344
     8(C )                  0.06856                  0.03401
     9(C )                  0.04782                  0.08601
    10(C )                  0.03600                  0.21782
    11(C )                  0.03809                  0.07207
    12(C )                  0.07208                  0.17032
    13(C )                  0.03512                  0.12415
    14(O )                  0.01784                  0.15095
    15(C )                  0.00992                  0.03393
    16(C )                  0.05159                  0.04815
    17(H )                  0.00960                  0.01448
    18(H )                  0.00295                  0.00236
    19(H )                  0.00702                  0.01093
    20(H )                  0.01837                  0.02395
    21(H )                  0.02727                  0.03506
    22(H )                  0.03317                  0.03103
    23(H )                  0.03226                  0.03878
    24(H )                  0.02184                  0.07318
    25(H )                  0.02779                  0.06047
    26(H )                  0.03471                  0.07011
    27(H )                  0.01749                  0.04820
    28(H )                  0.01059                  0.04097
    29(H )                  0.01046                  0.04066
    30(H )                  0.02835                  0.05126
 
 Condensed local softnesses (Hartree*e) and relative electrophilicity/nucleophilicity (dimensionless)
     Atom         s-          s+          s0        s+/s-       s-/s+
     1(C )      0.0147      0.0219      0.0183      1.4918      0.6703
     2(O )      0.0264      0.0357      0.0311      1.3492      0.7412
     3(C )      0.0092      0.0295      0.0194      3.2146      0.3111
     4(O )      0.0150      0.0316      0.0233      2.1122      0.4734
     5(O )      0.0351      0.0544      0.0447      1.5509      0.6448
     6(C )      0.0436      0.0909      0.0672      2.0863      0.4793
     7(C )      0.2257      0.3700      0.2978      1.6392      0.6101
     8(C )      0.0622      0.2538      0.1580      4.0818      0.2450
     9(C )      0.1573      0.1771      0.1672      1.1259      0.8882
    10(C )      0.3983      0.1333      0.2658      0.3347      2.9875
    11(C )      0.1318      0.1410      0.1364      1.0702      0.9344
    12(C )      0.3114      0.2669      0.2892      0.8571      1.1667
    13(C )      0.2270      0.1300      0.1785      0.5728      1.7458
    14(O )      0.2760      0.0661      0.1710      0.2393      4.1784
    15(C )      0.0620      0.0367      0.0494      0.5920      1.6891
    16(C )      0.0880      0.1910      0.1395      2.1698      0.4609
    17(H )      0.0265      0.0356      0.0310      1.3427      0.7448
    18(H )      0.0043      0.0109      0.0076      2.5378      0.3940
    19(H )      0.0200      0.0260      0.0230      1.3007      0.7688
    20(H )      0.0438      0.0680      0.0559      1.5530      0.6439
    21(H )      0.0641      0.1010      0.0825      1.5750      0.6349
    22(H )      0.0567      0.1228      0.0898      2.1651      0.4619
    23(H )      0.0709      0.1194      0.0952      1.6846      0.5936
    24(H )      0.1338      0.0809      0.1073      0.6044      1.6545
    25(H )      0.1106      0.1029      0.1067      0.9305      1.0747
    26(H )      0.1282      0.1285      0.1284      1.0025      0.9975
    27(H )      0.0881      0.0648      0.0764      0.7347      1.3611
    28(H )      0.0749      0.0392      0.0571      0.5235      1.9101
    29(H )      0.0744      0.0387      0.0565      0.5211      1.9190
    30(H )      0.0937      0.1050      0.0993      1.1198      0.8931
 
 E(N):     -765.697397 Hartree
 E(N+1):   -765.675609 Hartree
 E(N-1):   -765.393830 Hartree
 E_HOMO(N):     -0.273423 Hartree,   -7.4402 eV
 E_HOMO(N+1):    0.051375 Hartree,    1.3980 eV
 E_HOMO(N-1):    0.000000 Hartree,    0.0000 eV
 Vertical IP:    0.303567 Hartree,    8.2605 eV
 Vertical EA:   -0.021789 Hartree,   -0.5929 eV
 Mulliken electronegativity:     0.140889 Hartree,    3.8338 eV
 Chemical potential:            -0.140889 Hartree,   -3.8338 eV
 Hardness (=fundamental gap):    0.325356 Hartree,    8.8534 eV
 Softness:    3.073554 Hartree^-1,    0.1130 eV^-1
 Electrophilicity index:    0.030505 Hartree,    0.8301 eV
 Nucleophilicity index:     0.061775 Hartree,    1.6810 eV
