 Note: the E(HOMO) of TCE used for evaluating nucleophilicity index is the value evaluated at B3LYP/6-31G* level
 
 Hirshfeld charges, condensed Fukui functions and condensed dual descriptors
 Units used below are "e" (elementary charge)
     Atom     q(N)    q(N+1)   q(N-1)     f-       f+       f0      CDD
     1(C )   0.0166   0.0095   0.0228   0.0062   0.0071   0.0066   0.0009
     2(O )  -0.1373  -0.1488  -0.1261   0.0112   0.0115   0.0113   0.0003
     3(C )   0.2831   0.2736   0.2874   0.0042   0.0095   0.0069   0.0053
     4(O )  -0.2959  -0.3063  -0.2867   0.0091   0.0105   0.0098   0.0014
     5(O )  -0.1390  -0.1571  -0.1217   0.0173   0.0181   0.0177   0.0008
     6(C )   0.0425   0.0138   0.0609   0.0184   0.0287   0.0236   0.0103
     7(C )  -0.0429  -0.1597   0.0810   0.1239   0.1169   0.1204  -0.0070
     8(C )  -0.0331  -0.1135   0.0215   0.0546   0.0804   0.0675   0.0258
     9(C )  -0.0097  -0.0622   0.0678   0.0775   0.0524   0.0650  -0.0251
    10(C )  -0.0370  -0.0916   0.0103   0.0473   0.0545   0.0509   0.0072
    11(C )  -0.0435  -0.0873   0.0115   0.0550   0.0438   0.0494  -0.0112
    12(C )  -0.0401  -0.1350   0.0721   0.1121   0.0949   0.1035  -0.0172
    13(C )  -0.0465  -0.0916  -0.0074   0.0391   0.0451   0.0421   0.0060
    14(C )   0.0049  -0.0381   0.0667   0.0618   0.0430   0.0524  -0.0188
    15(C )  -0.0796  -0.0963  -0.0620   0.0176   0.0168   0.0172  -0.0008
    16(H )   0.0486   0.0370   0.0591   0.0105   0.0116   0.0110   0.0011
    17(H )   0.0415   0.0381   0.0444   0.0029   0.0034   0.0032   0.0006
    18(H )   0.0417   0.0331   0.0496   0.0079   0.0086   0.0083   0.0007
    19(H )   0.0449   0.0234   0.0630   0.0182   0.0215   0.0198   0.0033
    20(H )   0.0395   0.0085   0.0671   0.0276   0.0310   0.0293   0.0034
    21(H )   0.0375  -0.0025   0.0705   0.0330   0.0400   0.0365   0.0070
    22(H )   0.0359  -0.0013   0.0660   0.0301   0.0372   0.0337   0.0072
    23(H )   0.0403   0.0112   0.0679   0.0276   0.0291   0.0284   0.0016
    24(H )   0.0417   0.0084   0.0779   0.0363   0.0332   0.0348  -0.0030
    25(H )   0.0418  -0.0059   0.0879   0.0462   0.0477   0.0469   0.0015
    26(H )   0.0375   0.0043   0.0705   0.0331   0.0332   0.0331   0.0001
    27(H )   0.0357   0.0105   0.0607   0.0251   0.0252   0.0251   0.0001
    28(H )   0.0358   0.0130   0.0605   0.0247   0.0228   0.0237  -0.0019
    29(H )   0.0350   0.0128   0.0567   0.0217   0.0222   0.0220   0.0005
 
 Condensed local electrophilicity/nucleophilicity index (e*eV)
     Atom              Electrophilicity          Nucleophilicity
     1(C )                  0.00613                  0.00937
     2(O )                  0.00991                  0.01697
     3(C )                  0.00819                  0.00640
     4(O )                  0.00903                  0.01382
     5(O )                  0.01560                  0.02628
     6(C )                  0.02477                  0.02797
     7(C )                  0.10079                  0.18795
     8(C )                  0.06934                  0.08281
     9(C )                  0.04522                  0.11756
    10(C )                  0.04704                  0.07183
    11(C )                  0.03776                  0.08344
    12(C )                  0.08184                  0.17012
    13(C )                  0.03888                  0.05933
    14(C )                  0.03707                  0.09373
    15(C )                  0.01447                  0.02669
    16(H )                  0.00998                  0.01596
    17(H )                  0.00296                  0.00437
    18(H )                  0.00742                  0.01199
    19(H )                  0.01855                  0.02755
    20(H )                  0.02676                  0.04191
    21(H )                  0.03452                  0.05006
    22(H )                  0.03212                  0.04563
    23(H )                  0.02513                  0.04184
    24(H )                  0.02866                  0.05503
    25(H )                  0.04114                  0.07005
    26(H )                  0.02862                  0.05014
    27(H )                  0.02173                  0.03804
    28(H )                  0.01967                  0.03744
    29(H )                  0.01916                  0.03290
 
 Condensed local softnesses (Hartree*e) and relative electrophilicity/nucleophilicity (dimensionless)
     Atom         s-          s+          s0        s+/s-       s-/s+
     1(C )      0.0188      0.0216      0.0202      1.1504      0.8693
     2(O )      0.0340      0.0349      0.0344      1.0278      0.9730
     3(C )      0.0128      0.0288      0.0208      2.2528      0.4439
     4(O )      0.0277      0.0318      0.0297      1.1490      0.8703
     5(O )      0.0526      0.0549      0.0538      1.0441      0.9578
     6(C )      0.0560      0.0872      0.0716      1.5578      0.6419
     7(C )      0.3761      0.3548      0.3655      0.9434      1.0600
     8(C )      0.1657      0.2441      0.2049      1.4729      0.6789
     9(C )      0.2353      0.1592      0.1972      0.6767      1.4778
    10(C )      0.1437      0.1656      0.1547      1.1521      0.8680
    11(C )      0.1670      0.1329      0.1500      0.7961      1.2561
    12(C )      0.3404      0.2881      0.3143      0.8463      1.1816
    13(C )      0.1187      0.1369      0.1278      1.1530      0.8673
    14(C )      0.1876      0.1305      0.1590      0.6957      1.4373
    15(C )      0.0534      0.0509      0.0522      0.9535      1.0487
    16(H )      0.0319      0.0351      0.0335      1.1001      0.9090
    17(H )      0.0087      0.0104      0.0096      1.1912      0.8395
    18(H )      0.0240      0.0261      0.0251      1.0895      0.9179
    19(H )      0.0551      0.0653      0.0602      1.1841      0.8445
    20(H )      0.0839      0.0942      0.0890      1.1231      0.8904
    21(H )      0.1002      0.1215      0.1108      1.2130      0.8244
    22(H )      0.0913      0.1131      0.1022      1.2381      0.8077
    23(H )      0.0837      0.0885      0.0861      1.0564      0.9466
    24(H )      0.1101      0.1009      0.1055      0.9164      1.0913
    25(H )      0.1402      0.1448      0.1425      1.0332      0.9679
    26(H )      0.1003      0.1007      0.1005      1.0040      0.9960
    27(H )      0.0761      0.0765      0.0763      1.0049      0.9951
    28(H )      0.0749      0.0692      0.0721      0.9240      1.0823
    29(H )      0.0658      0.0674      0.0666      1.0242      0.9763
 
 E(N):     -690.571007 Hartree
 E(N+1):   -690.550817 Hartree
 E(N-1):   -690.261838 Hartree
 E_HOMO(N):     -0.279442 Hartree,   -7.6040 eV
 E_HOMO(N+1):    0.050124 Hartree,    1.3639 eV
 E_HOMO(N-1):    0.000000 Hartree,    0.0000 eV
 Vertical IP:    0.309169 Hartree,    8.4129 eV
 Vertical EA:   -0.020190 Hartree,   -0.5494 eV
 Mulliken electronegativity:     0.144490 Hartree,    3.9318 eV
 Chemical potential:            -0.144490 Hartree,   -3.9318 eV
 Hardness (=fundamental gap):    0.329358 Hartree,    8.9623 eV
 Softness:    3.036207 Hartree^-1,    0.1116 eV^-1
 Electrophilicity index:    0.031694 Hartree,    0.8624 eV
 Nucleophilicity index:     0.055756 Hartree,    1.5172 eV
