 Note: the E(HOMO) of TCE used for evaluating nucleophilicity index is the value evaluated at B3LYP/6-31G* level
 
 Hirshfeld charges, condensed Fukui functions and condensed dual descriptors
 Units used below are "e" (elementary charge)
     Atom     q(N)    q(N+1)   q(N-1)     f-       f+       f0      CDD
     1(C )   0.0166   0.0096   0.0227   0.0061   0.0070   0.0065   0.0009
     2(O )  -0.1373  -0.1488  -0.1262   0.0111   0.0115   0.0113   0.0004
     3(C )   0.2835   0.2741   0.2878   0.0042   0.0095   0.0069   0.0052
     4(O )  -0.2963  -0.3059  -0.2881   0.0082   0.0096   0.0089   0.0015
     5(O )  -0.1389  -0.1565  -0.1225   0.0165   0.0176   0.0170   0.0011
     6(C )   0.0425   0.0136   0.0615   0.0190   0.0289   0.0239   0.0100
     7(C )  -0.0464  -0.1632   0.0797   0.1261   0.1168   0.1215  -0.0094
     8(C )  -0.0337  -0.1146   0.0211   0.0548   0.0809   0.0678   0.0261
     9(C )  -0.0099  -0.0643   0.0637   0.0735   0.0545   0.0640  -0.0190
    10(C )  -0.0356  -0.0906   0.0149   0.0505   0.0549   0.0527   0.0044
    11(C )  -0.0433  -0.0822   0.0026   0.0459   0.0389   0.0424  -0.0070
    12(C )   0.0062  -0.0771   0.1028   0.0966   0.0832   0.0899  -0.0134
    13(C )  -0.0784  -0.1004  -0.0536   0.0248   0.0220   0.0234  -0.0028
    14(C )  -0.0465  -0.0948   0.0037   0.0502   0.0483   0.0493  -0.0018
    15(C )  -0.0395  -0.0922   0.0204   0.0599   0.0527   0.0563  -0.0073
    16(H )   0.0485   0.0370   0.0589   0.0104   0.0115   0.0109   0.0011
    17(H )   0.0417   0.0382   0.0445   0.0028   0.0034   0.0031   0.0006
    18(H )   0.0415   0.0332   0.0491   0.0076   0.0083   0.0079   0.0007
    19(H )   0.0451   0.0233   0.0638   0.0187   0.0218   0.0203   0.0031
    20(H )   0.0392   0.0072   0.0678   0.0286   0.0321   0.0303   0.0035
    21(H )   0.0363  -0.0022   0.0690   0.0327   0.0385   0.0356   0.0059
    22(H )   0.0363  -0.0027   0.0679   0.0316   0.0390   0.0353   0.0074
    23(H )   0.0422   0.0130   0.0696   0.0274   0.0292   0.0283   0.0018
    24(H )   0.0397   0.0086   0.0727   0.0330   0.0311   0.0321  -0.0018
    25(H )   0.0366   0.0080   0.0685   0.0319   0.0286   0.0302  -0.0033
    26(H )   0.0350   0.0130   0.0592   0.0242   0.0220   0.0231  -0.0022
    27(H )   0.0371   0.0057   0.0721   0.0350   0.0315   0.0332  -0.0035
    28(H )   0.0384   0.0041   0.0729   0.0345   0.0343   0.0344  -0.0003
    29(H )   0.0394   0.0070   0.0737   0.0342   0.0325   0.0334  -0.0018
 
 Condensed local electrophilicity/nucleophilicity index (e*eV)
     Atom              Electrophilicity          Nucleophilicity
     1(C )                  0.00580                  0.01019
     2(O )                  0.00955                  0.01871
     3(C )                  0.00785                  0.00712
     4(O )                  0.00800                  0.01371
     5(O )                  0.01458                  0.02763
     6(C )                  0.02399                  0.03185
     7(C )                  0.09685                  0.21180
     8(C )                  0.06708                  0.09203
     9(C )                  0.04520                  0.12346
    10(C )                  0.04557                  0.08484
    11(C )                  0.03225                  0.07709
    12(C )                  0.06904                  0.16217
    13(C )                  0.01828                  0.04162
    14(C )                  0.04010                  0.08426
    15(C )                  0.04368                  0.10062
    16(H )                  0.00952                  0.01749
    17(H )                  0.00283                  0.00474
    18(H )                  0.00688                  0.01275
    19(H )                  0.01810                  0.03146
    20(H )                  0.02661                  0.04802
    21(H )                  0.03197                  0.05485
    22(H )                  0.03235                  0.05298
    23(H )                  0.02421                  0.04601
    24(H )                  0.02583                  0.05535
    25(H )                  0.02370                  0.05351
    26(H )                  0.01825                  0.04056
    27(H )                  0.02610                  0.05875
    28(H )                  0.02842                  0.05798
    29(H )                  0.02695                  0.05749
 
 Condensed local softnesses (Hartree*e) and relative electrophilicity/nucleophilicity (dimensionless)
     Atom         s-          s+          s0        s+/s-       s-/s+
     1(C )      0.0187      0.0216      0.0201      1.1532      0.8671
     2(O )      0.0344      0.0355      0.0349      1.0324      0.9686
     3(C )      0.0131      0.0292      0.0211      2.2316      0.4481
     4(O )      0.0252      0.0297      0.0275      1.1813      0.8465
     5(O )      0.0507      0.0542      0.0525      1.0683      0.9361
     6(C )      0.0585      0.0891      0.0738      1.5248      0.6558
     7(C )      0.3888      0.3599      0.3744      0.9256      1.0804
     8(C )      0.1690      0.2493      0.2091      1.4754      0.6778
     9(C )      0.2267      0.1679      0.1973      0.7409      1.3496
    10(C )      0.1557      0.1693      0.1625      1.0873      0.9197
    11(C )      0.1415      0.1198      0.1307      0.8468      1.1809
    12(C )      0.2977      0.2566      0.2771      0.8617      1.1605
    13(C )      0.0764      0.0679      0.0722      0.8890      1.1248
    14(C )      0.1547      0.1490      0.1518      0.9631      1.0383
    15(C )      0.1847      0.1623      0.1735      0.8786      1.1382
    16(H )      0.0321      0.0354      0.0337      1.1014      0.9079
    17(H )      0.0087      0.0105      0.0096      1.2071      0.8284
    18(H )      0.0234      0.0255      0.0245      1.0914      0.9162
    19(H )      0.0578      0.0673      0.0625      1.1647      0.8586
    20(H )      0.0882      0.0989      0.0935      1.1215      0.8917
    21(H )      0.1007      0.1188      0.1098      1.1799      0.8475
    22(H )      0.0973      0.1202      0.1087      1.2361      0.8090
    23(H )      0.0845      0.0900      0.0872      1.0650      0.9390
    24(H )      0.1016      0.0960      0.0988      0.9447      1.0585
    25(H )      0.0982      0.0881      0.0931      0.8964      1.1156
    26(H )      0.0745      0.0678      0.0711      0.9107      1.0980
    27(H )      0.1079      0.0970      0.1024      0.8992      1.1121
    28(H )      0.1065      0.1056      0.1060      0.9921      1.0080
    29(H )      0.1055      0.1001      0.1028      0.9487      1.0541
 
 E(N):     -690.572357 Hartree
 E(N+1):   -690.550790 Hartree
 E(N-1):   -690.269511 Hartree
 E_HOMO(N):     -0.273495 Hartree,   -7.4422 eV
 E_HOMO(N+1):    0.051222 Hartree,    1.3938 eV
 E_HOMO(N-1):    0.000000 Hartree,    0.0000 eV
 Vertical IP:    0.302846 Hartree,    8.2409 eV
 Vertical EA:   -0.021567 Hartree,   -0.5869 eV
 Mulliken electronegativity:     0.140640 Hartree,    3.8270 eV
 Chemical potential:            -0.140640 Hartree,   -3.8270 eV
 Hardness (=fundamental gap):    0.324413 Hartree,    8.8277 eV
 Softness:    3.082490 Hartree^-1,    0.1133 eV^-1
 Electrophilicity index:    0.030485 Hartree,    0.8295 eV
 Nucleophilicity index:     0.061703 Hartree,    1.6790 eV
