 Note: the E(HOMO) of TCE used for evaluating nucleophilicity index is the value evaluated at B3LYP/6-31G* level
 
 Hirshfeld charges, condensed Fukui functions and condensed dual descriptors
 Units used below are "e" (elementary charge)
     Atom     q(N)    q(N+1)   q(N-1)     f-       f+       f0      CDD
     1(C )   0.0166   0.0096   0.0227   0.0062   0.0069   0.0066   0.0008
     2(O )  -0.1375  -0.1487  -0.1264   0.0111   0.0113   0.0112   0.0002
     3(C )   0.2834   0.2741   0.2875   0.0042   0.0092   0.0067   0.0051
     4(O )  -0.2958  -0.3054  -0.2869   0.0088   0.0097   0.0093   0.0009
     5(O )  -0.1394  -0.1561  -0.1236   0.0158   0.0167   0.0163   0.0009
     6(C )   0.0426   0.0142   0.0617   0.0191   0.0284   0.0238   0.0093
     7(C )  -0.0438  -0.1593   0.0838   0.1276   0.1155   0.1216  -0.0121
     8(C )  -0.0351  -0.1121   0.0234   0.0585   0.0770   0.0678   0.0185
     9(C )  -0.0170  -0.0711   0.0555   0.0725   0.0541   0.0633  -0.0184
    10(C )  -0.0350  -0.0962   0.0040   0.0391   0.0612   0.0501   0.0221
    11(C )  -0.0451  -0.0876   0.0155   0.0606   0.0425   0.0515  -0.0182
    12(C )  -0.0371  -0.1355   0.0657   0.1028   0.0984   0.1006  -0.0044
    13(C )  -0.0522  -0.1043  -0.0163   0.0359   0.0520   0.0440   0.0161
    14(C )   0.0758   0.0346   0.1435   0.0676   0.0412   0.0544  -0.0264
    15(O )  -0.1605  -0.1767  -0.1253   0.0352   0.0163   0.0257  -0.0189
    16(C )   0.0106  -0.0027   0.0252   0.0145   0.0133   0.0139  -0.0012
    17(H )   0.0484   0.0371   0.0589   0.0105   0.0114   0.0109   0.0009
    18(H )   0.0417   0.0384   0.0446   0.0029   0.0033   0.0031   0.0004
    19(H )   0.0418   0.0334   0.0497   0.0079   0.0085   0.0082   0.0005
    20(H )   0.0461   0.0246   0.0646   0.0186   0.0215   0.0200   0.0029
    21(H )   0.0399   0.0078   0.0696   0.0297   0.0321   0.0309   0.0024
    22(H )   0.0362  -0.0024   0.0704   0.0342   0.0386   0.0364   0.0044
    23(H )   0.0370   0.0000   0.0677   0.0306   0.0370   0.0338   0.0063
    24(H )   0.0428   0.0112   0.0690   0.0262   0.0316   0.0289   0.0054
    25(H )   0.0424   0.0091   0.0792   0.0368   0.0332   0.0350  -0.0035
    26(H )   0.0435  -0.0055   0.0877   0.0442   0.0490   0.0466   0.0048
    27(H )   0.0454   0.0098   0.0778   0.0324   0.0356   0.0340   0.0032
    28(H )   0.0306   0.0144   0.0473   0.0167   0.0162   0.0164  -0.0005
    29(H )   0.0296   0.0239   0.0358   0.0062   0.0057   0.0059  -0.0005
    30(H )   0.0441   0.0214   0.0675   0.0234   0.0227   0.0230  -0.0007
 
 Condensed local electrophilicity/nucleophilicity index (e*eV)
     Atom              Electrophilicity          Nucleophilicity
     1(C )                  0.00603                  0.00913
     2(O )                  0.00977                  0.01638
     3(C )                  0.00801                  0.00617
     4(O )                  0.00841                  0.01308
     5(O )                  0.01450                  0.02349
     6(C )                  0.02467                  0.02838
     7(C )                  0.10027                  0.18914
     8(C )                  0.06685                  0.08673
     9(C )                  0.04695                  0.10748
    10(C )                  0.05311                  0.05794
    11(C )                  0.03686                  0.08987
    12(C )                  0.08540                  0.15239
    13(C )                  0.04518                  0.05324
    14(C )                  0.03578                  0.10025
    15(O )                  0.01414                  0.05215
    16(C )                  0.01154                  0.02156
    17(H )                  0.00987                  0.01554
    18(H )                  0.00286                  0.00431
    19(H )                  0.00735                  0.01173
    20(H )                  0.01866                  0.02754
    21(H )                  0.02789                  0.04403
    22(H )                  0.03351                  0.05070
    23(H )                  0.03211                  0.04542
    24(H )                  0.02742                  0.03883
    25(H )                  0.02885                  0.05451
    26(H )                  0.04251                  0.06552
    27(H )                  0.03091                  0.04799
    28(H )                  0.01407                  0.02472
    29(H )                  0.00497                  0.00916
    30(H )                  0.01968                  0.03471
 
 Condensed local softnesses (Hartree*e) and relative electrophilicity/nucleophilicity (dimensionless)
     Atom         s-          s+          s0        s+/s-       s-/s+
     1(C )      0.0187      0.0210      0.0198      1.1268      0.8875
     2(O )      0.0335      0.0341      0.0338      1.0179      0.9824
     3(C )      0.0126      0.0279      0.0203      2.2153      0.4514
     4(O )      0.0267      0.0293      0.0280      1.0979      0.9108
     5(O )      0.0480      0.0506      0.0493      1.0544      0.9485
     6(C )      0.0580      0.0860      0.0720      1.4840      0.6739
     7(C )      0.3864      0.3498      0.3681      0.9051      1.1048
     8(C )      0.1772      0.2332      0.2052      1.3159      0.7599
     9(C )      0.2196      0.1638      0.1917      0.7458      1.3409
    10(C )      0.1184      0.1852      0.1518      1.5648      0.6391
    11(C )      0.1836      0.1286      0.1561      0.7002      1.4282
    12(C )      0.3113      0.2979      0.3046      0.9568      1.0452
    13(C )      0.1088      0.1576      0.1332      1.4490      0.6901
    14(C )      0.2048      0.1248      0.1648      0.6093      1.6413
    15(O )      0.1065      0.0493      0.0779      0.4628      2.1608
    16(C )      0.0440      0.0403      0.0421      0.9141      1.0939
    17(H )      0.0317      0.0344      0.0331      1.0844      0.9222
    18(H )      0.0088      0.0100      0.0094      1.1332      0.8824
    19(H )      0.0240      0.0256      0.0248      1.0694      0.9351
    20(H )      0.0563      0.0651      0.0607      1.1569      0.8644
    21(H )      0.0900      0.0973      0.0936      1.0814      0.9248
    22(H )      0.1036      0.1169      0.1102      1.1283      0.8863
    23(H )      0.0928      0.1120      0.1024      1.2069      0.8286
    24(H )      0.0793      0.0956      0.0875      1.2057      0.8294
    25(H )      0.1114      0.1006      0.1060      0.9036      1.1067
    26(H )      0.1339      0.1483      0.1411      1.1077      0.9028
    27(H )      0.0981      0.1078      0.1029      1.0994      0.9096
    28(H )      0.0505      0.0491      0.0498      0.9712      1.0296
    29(H )      0.0187      0.0173      0.0180      0.9261      1.0798
    30(H )      0.0709      0.0687      0.0698      0.9682      1.0329
 
 E(N):     -765.693708 Hartree
 E(N+1):   -765.673746 Hartree
 E(N-1):   -765.383420 Hartree
 E_HOMO(N):     -0.280732 Hartree,   -7.6391 eV
 E_HOMO(N+1):    0.050001 Hartree,    1.3606 eV
 E_HOMO(N-1):    0.000000 Hartree,    0.0000 eV
 Vertical IP:    0.310288 Hartree,    8.4434 eV
 Vertical EA:   -0.019962 Hartree,   -0.5432 eV
 Mulliken electronegativity:     0.145163 Hartree,    3.9501 eV
 Chemical potential:            -0.145163 Hartree,   -3.9501 eV
 Hardness (=fundamental gap):    0.330250 Hartree,    8.9866 eV
 Softness:    3.028007 Hartree^-1,    0.1113 eV^-1
 Electrophilicity index:    0.031904 Hartree,    0.8681 eV
 Nucleophilicity index:     0.054466 Hartree,    1.4821 eV
