 Note: the E(HOMO) of TCE used for evaluating nucleophilicity index is the value evaluated at B3LYP/6-31G* level
 
 Hirshfeld charges, condensed Fukui functions and condensed dual descriptors
 Units used below are "e" (elementary charge)
     Atom     q(N)    q(N+1)   q(N-1)     f-       f+       f0      CDD
     1(O )  -0.2984  -0.3048  -0.2934   0.0050   0.0064   0.0057   0.0014
     2(C )   0.2831   0.2810   0.2845   0.0014   0.0020   0.0017   0.0006
     3(O )  -0.1386  -0.1383  -0.1386  -0.0000  -0.0003  -0.0002  -0.0003
     4(C )   0.0426   0.0382   0.0450   0.0025   0.0044   0.0034   0.0019
     5(C )  -0.0380  -0.0571  -0.0258   0.0123   0.0190   0.0157   0.0067
     6(C )  -0.0276  -0.0272  -0.0354  -0.0078  -0.0005  -0.0041   0.0073
     7(C )   0.0296   0.0249   0.0326   0.0030   0.0047   0.0038   0.0017
     8(O )  -0.1497  -0.1587  -0.1480   0.0017   0.0090   0.0054   0.0072
     9(C )   0.0973   0.0842   0.1002   0.0030   0.0131   0.0080   0.0101
    10(C )  -0.0061  -0.0165  -0.0169  -0.0108   0.0104  -0.0002   0.0212
    11(C )  -0.0340  -0.0672  -0.0314   0.0027   0.0332   0.0179   0.0305
    12(C )  -0.0378  -0.0640  -0.0196   0.0181   0.0262   0.0222   0.0081
    13(C )  -0.0382  -0.0804  -0.0152   0.0230   0.0423   0.0326   0.0193
    14(C )  -0.0396  -0.0819  -0.0186   0.0210   0.0423   0.0317   0.0213
    15(C )  -0.0393  -0.0489  -0.0365   0.0027   0.0096   0.0062   0.0068
    16(C )  -0.0025  -0.0234   0.0642   0.0667   0.0209   0.0438  -0.0458
    17(C )  -0.0422  -0.0692  -0.0009   0.0413   0.0270   0.0342  -0.0143
    18(C )  -0.0397  -0.0686   0.0052   0.0448   0.0290   0.0369  -0.0159
    19(C )  -0.0430  -0.0970   0.0501   0.0931   0.0540   0.0736  -0.0391
    20(C )  -0.0405  -0.0684  -0.0054   0.0351   0.0279   0.0315  -0.0072
    21(C )  -0.0426  -0.0606   0.0041   0.0468   0.0180   0.0324  -0.0288
    22(C )  -0.0068  -0.0466   0.0389   0.0457   0.0398   0.0427  -0.0059
    23(C )  -0.0402  -0.0722  -0.0071   0.0331   0.0320   0.0326  -0.0011
    24(C )  -0.0391  -0.0704  -0.0105   0.0286   0.0313   0.0300   0.0027
    25(C )  -0.0420  -0.1090   0.0312   0.0732   0.0670   0.0701  -0.0062
    26(C )  -0.0392  -0.0768  -0.0026   0.0367   0.0376   0.0371   0.0009
    27(C )  -0.0430  -0.0746  -0.0119   0.0311   0.0316   0.0313   0.0005
    28(O )  -0.1388  -0.1410  -0.1366   0.0022   0.0022   0.0022   0.0000
    29(C )   0.0166   0.0140   0.0189   0.0023   0.0026   0.0024   0.0003
    30(H )   0.0398   0.0338   0.0438   0.0040   0.0060   0.0050   0.0021
    31(H )   0.0407   0.0359   0.0439   0.0033   0.0048   0.0040   0.0015
    32(H )   0.0410   0.0352   0.0440   0.0030   0.0058   0.0044   0.0028
    33(H )   0.0420   0.0348   0.0451   0.0031   0.0072   0.0052   0.0042
    34(H )   0.0274   0.0209   0.0355   0.0081   0.0064   0.0073  -0.0017
    35(H )   0.0260   0.0232   0.0273   0.0013   0.0028   0.0021   0.0015
    36(H )   0.0400   0.0247   0.0409   0.0008   0.0153   0.0081   0.0145
    37(H )   0.0431   0.0225   0.0575   0.0144   0.0206   0.0175   0.0062
    38(H )   0.0427   0.0167   0.0597   0.0170   0.0260   0.0215   0.0090
    39(H )   0.0423   0.0176   0.0573   0.0150   0.0247   0.0199   0.0097
    40(H )   0.0352   0.0273   0.0376   0.0023   0.0079   0.0051   0.0056
    41(H )   0.0366   0.0208   0.0609   0.0243   0.0158   0.0200  -0.0084
    42(H )   0.0406   0.0185   0.0707   0.0301   0.0221   0.0261  -0.0079
    43(H )   0.0403   0.0106   0.0788   0.0385   0.0297   0.0341  -0.0088
    44(H )   0.0408   0.0197   0.0689   0.0281   0.0211   0.0246  -0.0070
    45(H )   0.0344   0.0234   0.0575   0.0231   0.0109   0.0170  -0.0122
    46(H )   0.0358   0.0182   0.0524   0.0165   0.0176   0.0171   0.0011
    47(H )   0.0417   0.0180   0.0656   0.0239   0.0237   0.0238  -0.0002
    48(H )   0.0413   0.0063   0.0737   0.0324   0.0350   0.0337   0.0025
    49(H )   0.0414   0.0154   0.0671   0.0258   0.0259   0.0259   0.0002
    50(H )   0.0333   0.0151   0.0514   0.0181   0.0182   0.0182   0.0002
    51(H )   0.0483   0.0442   0.0520   0.0038   0.0041   0.0039   0.0003
    52(H )   0.0417   0.0390   0.0441   0.0024   0.0027   0.0026   0.0004
    53(H )   0.0416   0.0387   0.0440   0.0024   0.0029   0.0026   0.0004
 
 Condensed local electrophilicity/nucleophilicity index (e*eV)
     Atom              Electrophilicity          Nucleophilicity
     1(O )                  0.00488                  0.00671
     2(C )                  0.00155                  0.00188
     3(O )                 -0.00022                 -0.00005
     4(C )                  0.00335                  0.00334
     5(C )                  0.01445                  0.01648
     6(C )                 -0.00037                 -0.01044
     7(C )                  0.00354                  0.00397
     8(O )                  0.00681                  0.00234
     9(C )                  0.00991                  0.00400
    10(C )                  0.00787                 -0.01448
    11(C )                  0.02518                  0.00358
    12(C )                  0.01989                  0.02434
    13(C )                  0.03210                  0.03084
    14(C )                  0.03212                  0.02821
    15(C )                  0.00727                  0.00369
    16(C )                  0.01585                  0.08952
    17(C )                  0.02051                  0.05543
    18(C )                  0.02200                  0.06016
    19(C )                  0.04103                  0.12496
    20(C )                  0.02120                  0.04707
    21(C )                  0.01364                  0.06275
    22(C )                  0.03022                  0.06133
    23(C )                  0.02433                  0.04446
    24(C )                  0.02379                  0.03838
    25(C )                  0.05090                  0.09819
    26(C )                  0.02856                  0.04919
    27(C )                  0.02399                  0.04174
    28(O )                  0.00167                  0.00292
    29(C )                  0.00197                  0.00304
    30(H )                  0.00459                  0.00535
    31(H )                  0.00362                  0.00439
    32(H )                  0.00440                  0.00400
    33(H )                  0.00550                  0.00410
    34(H )                  0.00488                  0.01086
    35(H )                  0.00214                  0.00175
    36(H )                  0.01162                  0.00113
    37(H )                  0.01563                  0.01930
    38(H )                  0.01976                  0.02278
    39(H )                  0.01879                  0.02012
    40(H )                  0.00601                  0.00311
    41(H )                  0.01201                  0.03256
    42(H )                  0.01681                  0.04037
    43(H )                  0.02254                  0.05168
    44(H )                  0.01599                  0.03768
    45(H )                  0.00830                  0.03106
    46(H )                  0.01337                  0.02220
    47(H )                  0.01800                  0.03204
    48(H )                  0.02658                  0.04354
    49(H )                  0.01970                  0.03458
    50(H )                  0.01384                  0.02425
    51(H )                  0.00310                  0.00503
    52(H )                  0.00208                  0.00319
    53(H )                  0.00217                  0.00326
 
 Condensed local softnesses (Hartree*e) and relative electrophilicity/nucleophilicity (dimensionless)
     Atom         s-          s+          s0        s+/s-       s-/s+
     1(O )      0.0146      0.0187      0.0166      1.2850      0.7782
     2(C )      0.0041      0.0060      0.0050      1.4606      0.6846
     3(O )     -0.0001     -0.0009     -0.0005      8.4391      0.1185
     4(C )      0.0072      0.0128      0.0100      1.7720      0.5643
     5(C )      0.0358      0.0554      0.0456      1.5494      0.6454
     6(C )     -0.0226     -0.0014     -0.0120      0.0622     16.0705
     7(C )      0.0086      0.0136      0.0111      1.5755      0.6347
     8(O )      0.0051      0.0261      0.0156      5.1350      0.1947
     9(C )      0.0087      0.0380      0.0233      4.3817      0.2282
    10(C )     -0.0314      0.0302     -0.0006     -0.9603     -1.0413
    11(C )      0.0078      0.0965      0.0521     12.4257      0.0805
    12(C )      0.0528      0.0763      0.0645      1.4442      0.6924
    13(C )      0.0669      0.1230      0.0950      1.8390      0.5438
    14(C )      0.0612      0.1231      0.0921      2.0120      0.4970
    15(C )      0.0080      0.0279      0.0179      3.4843      0.2870
    16(C )      0.1942      0.0608      0.1275      0.3128      3.1968
    17(C )      0.1203      0.0786      0.0994      0.6537      1.5297
    18(C )      0.1305      0.0843      0.1074      0.6462      1.5476
    19(C )      0.2711      0.1573      0.2142      0.5801      1.7237
    20(C )      0.1021      0.0813      0.0917      0.7958      1.2565
    21(C )      0.1361      0.0523      0.0942      0.3841      2.6035
    22(C )      0.1330      0.1158      0.1244      0.8705      1.1488
    23(C )      0.0964      0.0932      0.0948      0.9669      1.0342
    24(C )      0.0833      0.0912      0.0872      1.0952      0.9130
    25(C )      0.2130      0.1951      0.2040      0.9158      1.0919
    26(C )      0.1067      0.1095      0.1081      1.0257      0.9749
    27(C )      0.0905      0.0920      0.0913      1.0156      0.9846
    28(O )      0.0063      0.0064      0.0064      1.0116      0.9886
    29(C )      0.0066      0.0076      0.0071      1.1442      0.8739
    30(H )      0.0116      0.0176      0.0146      1.5184      0.6586
    31(H )      0.0095      0.0139      0.0117      1.4580      0.6859
    32(H )      0.0087      0.0169      0.0128      1.9434      0.5146
    33(H )      0.0089      0.0211      0.0150      2.3705      0.4219
    34(H )      0.0236      0.0187      0.0211      0.7938      1.2597
    35(H )      0.0038      0.0082      0.0060      2.1639      0.4621
    36(H )      0.0025      0.0446      0.0235     18.1800      0.0550
    37(H )      0.0419      0.0599      0.0509      1.4311      0.6987
    38(H )      0.0494      0.0758      0.0626      1.5328      0.6524
    39(H )      0.0436      0.0720      0.0578      1.6498      0.6061
    40(H )      0.0067      0.0230      0.0149      3.4181      0.2926
    41(H )      0.0706      0.0460      0.0583      0.6520      1.5337
    42(H )      0.0876      0.0644      0.0760      0.7358      1.3590
    43(H )      0.1121      0.0864      0.0992      0.7705      1.2978
    44(H )      0.0817      0.0613      0.0715      0.7497      1.3338
    45(H )      0.0674      0.0318      0.0496      0.4719      2.1192
    46(H )      0.0482      0.0512      0.0497      1.0641      0.9398
    47(H )      0.0695      0.0690      0.0692      0.9925      1.0076
    48(H )      0.0945      0.1019      0.0982      1.0786      0.9272
    49(H )      0.0750      0.0755      0.0753      1.0066      0.9934
    50(H )      0.0526      0.0531      0.0528      1.0083      0.9917
    51(H )      0.0109      0.0119      0.0114      1.0885      0.9187
    52(H )      0.0069      0.0080      0.0075      1.1522      0.8679
    53(H )      0.0071      0.0083      0.0077      1.1755      0.8507
 
 E(N):    -1266.527931 Hartree
 E(N+1):  -1266.494637 Hartree
 E(N-1):  -1266.217681 Hartree
 E_HOMO(N):     -0.285887 Hartree,   -7.7794 eV
 E_HOMO(N+1):    0.056929 Hartree,    1.5491 eV
 E_HOMO(N-1):    0.000000 Hartree,    0.0000 eV
 Vertical IP:    0.310250 Hartree,    8.4423 eV
 Vertical EA:   -0.033294 Hartree,   -0.9060 eV
 Mulliken electronegativity:     0.138478 Hartree,    3.7682 eV
 Chemical potential:            -0.138478 Hartree,   -3.7682 eV
 Hardness (=fundamental gap):    0.343544 Hartree,    9.3483 eV
 Softness:    2.910838 Hartree^-1,    0.1070 eV^-1
 Electrophilicity index:    0.027909 Hartree,    0.7594 eV
 Nucleophilicity index:     0.049311 Hartree,    1.3418 eV
