 Note: the E(HOMO) of TCE used for evaluating nucleophilicity index is the value evaluated at B3LYP/6-31G* level
 
 Hirshfeld charges, condensed Fukui functions and condensed dual descriptors
 Units used below are "e" (elementary charge)
     Atom     q(N)    q(N+1)   q(N-1)     f-       f+       f0      CDD
     1(C )  -0.0803  -0.0998  -0.0607   0.0196   0.0195   0.0196  -0.0001
     2(C )  -0.0418  -0.0600  -0.0163   0.0255   0.0183   0.0219  -0.0072
     3(C )  -0.0437  -0.0717  -0.0135   0.0302   0.0280   0.0291  -0.0022
     4(C )  -0.0259  -0.2049   0.1664   0.1923   0.1790   0.1856  -0.0133
     5(C )  -0.0536  -0.2214   0.1621   0.2158   0.1677   0.1918  -0.0480
     6(C )   0.0412  -0.0076   0.0676   0.0264   0.0488   0.0376   0.0224
     7(O )  -0.1397  -0.1689  -0.1108   0.0289   0.0292   0.0290   0.0003
     8(C )   0.2836   0.2620   0.2895   0.0060   0.0216   0.0138   0.0157
     9(O )  -0.2931  -0.3132  -0.2764   0.0167   0.0201   0.0184   0.0034
    10(O )  -0.1374  -0.1539  -0.1217   0.0158   0.0165   0.0161   0.0007
    11(C )   0.0454   0.0367   0.0520   0.0067   0.0087   0.0077   0.0020
    12(C )  -0.0858  -0.0905  -0.0824   0.0035   0.0047   0.0041   0.0012
    13(H )   0.0303   0.0043   0.0597   0.0294   0.0259   0.0277  -0.0035
    14(H )   0.0271   0.0082   0.0446   0.0175   0.0189   0.0182   0.0013
    15(H )   0.0279   0.0122   0.0440   0.0161   0.0157   0.0159  -0.0004
    16(H )   0.0251   0.0054   0.0455   0.0204   0.0197   0.0201  -0.0007
    17(H )   0.0258   0.0093   0.0436   0.0178   0.0165   0.0172  -0.0014
    18(H )   0.0312   0.0052   0.0582   0.0270   0.0260   0.0265  -0.0010
    19(H )   0.0305  -0.0222   0.0856   0.0550   0.0528   0.0539  -0.0023
    20(H )   0.0335  -0.0377   0.0960   0.0624   0.0712   0.0668   0.0088
    21(H )   0.0350  -0.0308   0.0965   0.0615   0.0658   0.0636   0.0043
    22(H )   0.0381  -0.0118   0.0815   0.0434   0.0500   0.0467   0.0066
    23(H )   0.0439   0.0115   0.0714   0.0275   0.0324   0.0300   0.0049
    24(H )   0.0359   0.0266   0.0436   0.0077   0.0093   0.0085   0.0015
    25(H )   0.0416   0.0265   0.0552   0.0136   0.0151   0.0143   0.0015
    26(H )   0.0335   0.0364   0.0288  -0.0048  -0.0029  -0.0038   0.0019
    27(H )   0.0386   0.0220   0.0529   0.0143   0.0166   0.0154   0.0022
    28(H )   0.0334   0.0283   0.0372   0.0038   0.0051   0.0045   0.0013
 
 Condensed local electrophilicity/nucleophilicity index (e*eV)
     Atom              Electrophilicity          Nucleophilicity
     1(C )                  0.01124                  0.01065
     2(C )                  0.01053                  0.01381
     3(C )                  0.01615                  0.01638
     4(C )                  0.10323                  0.10432
     5(C )                  0.09673                  0.11706
     6(C )                  0.02816                  0.01433
     7(O )                  0.01682                  0.01568
     8(C )                  0.01246                  0.00323
     9(O )                  0.01158                  0.00906
    10(O )                  0.00952                  0.00856
    11(C )                  0.00500                  0.00362
    12(C )                  0.00268                  0.00188
    13(H )                  0.01495                  0.01597
    14(H )                  0.01087                  0.00951
    15(H )                  0.00906                  0.00876
    16(H )                  0.01136                  0.01107
    17(H )                  0.00951                  0.00968
    18(H )                  0.01497                  0.01464
    19(H )                  0.03043                  0.02986
    20(H )                  0.04108                  0.03387
    21(H )                  0.03792                  0.03335
    22(H )                  0.02882                  0.02355
    23(H )                  0.01870                  0.01491
    24(H )                  0.00534                  0.00420
    25(H )                  0.00869                  0.00737
    26(H )                 -0.00167                 -0.00259
    27(H )                  0.00955                  0.00777
    28(H )                  0.00296                  0.00206
 
 Condensed local softnesses (Hartree*e) and relative electrophilicity/nucleophilicity (dimensionless)
     Atom         s-          s+          s0        s+/s-       s-/s+
     1(C )      0.0459      0.0455      0.0457      0.9932      1.0068
     2(C )      0.0595      0.0427      0.0511      0.7172      1.3942
     3(C )      0.0705      0.0654      0.0680      0.9277      1.0780
     4(C )      0.4492      0.4182      0.4337      0.9311      1.0740
     5(C )      0.5040      0.3919      0.4479      0.7775      1.2862
     6(C )      0.0617      0.1141      0.0879      1.8491      0.5408
     7(O )      0.0675      0.0681      0.0678      1.0093      0.9908
     8(C )      0.0139      0.0505      0.0322      3.6313      0.2754
     9(O )      0.0390      0.0469      0.0430      1.2025      0.8316
    10(O )      0.0368      0.0386      0.0377      1.0470      0.9551
    11(C )      0.0156      0.0203      0.0179      1.2997      0.7694
    12(C )      0.0081      0.0109      0.0095      1.3433      0.7444
    13(H )      0.0688      0.0605      0.0647      0.8805      1.1357
    14(H )      0.0410      0.0440      0.0425      1.0755      0.9298
    15(H )      0.0377      0.0367      0.0372      0.9735      1.0272
    16(H )      0.0477      0.0460      0.0468      0.9651      1.0361
    17(H )      0.0417      0.0385      0.0401      0.9243      1.0819
    18(H )      0.0630      0.0606      0.0618      0.9621      1.0394
    19(H )      0.1285      0.1233      0.1259      0.9590      1.0427
    20(H )      0.1458      0.1664      0.1561      1.1413      0.8762
    21(H )      0.1436      0.1536      0.1486      1.0697      0.9349
    22(H )      0.1014      0.1168      0.1091      1.1517      0.8683
    23(H )      0.0642      0.0757      0.0700      1.1797      0.8476
    24(H )      0.0181      0.0216      0.0199      1.1966      0.8357
    25(H )      0.0317      0.0352      0.0335      1.1091      0.9017
    26(H )     -0.0112     -0.0068     -0.0090      0.6068      1.6479
    27(H )      0.0335      0.0387      0.0361      1.1567      0.8645
    28(H )      0.0089      0.0120      0.0104      1.3491      0.7413
 
 E(N):     -577.571490 Hartree
 E(N+1):   -577.492151 Hartree
 E(N-1):   -577.222759 Hartree
 E_HOMO(N):     -0.315259 Hartree,   -8.5786 eV
 E_HOMO(N+1):    0.113005 Hartree,    3.0750 eV
 E_HOMO(N-1):    0.000000 Hartree,    0.0000 eV
 Vertical IP:    0.348731 Hartree,    9.4895 eV
 Vertical EA:   -0.079339 Hartree,   -2.1589 eV
 Mulliken electronegativity:     0.134696 Hartree,    3.6653 eV
 Chemical potential:            -0.134696 Hartree,   -3.6653 eV
 Hardness (=fundamental gap):    0.428071 Hartree,   11.6484 eV
 Softness:    2.336064 Hartree^-1,    0.0858 eV^-1
 Electrophilicity index:    0.021192 Hartree,    0.5767 eV
 Nucleophilicity index:     0.019939 Hartree,    0.5426 eV
