 Note: the E(HOMO) of TCE used for evaluating nucleophilicity index is the value evaluated at B3LYP/6-31G* level
 
 Hirshfeld charges, condensed Fukui functions and condensed dual descriptors
 Units used below are "e" (elementary charge)
     Atom     q(N)    q(N+1)   q(N-1)     f-       f+       f0      CDD
     1(C )  -0.0417  -0.0750  -0.0167   0.0250   0.0334   0.0292   0.0084
     2(C )  -0.0406  -0.0609  -0.0268   0.0138   0.0203   0.0171   0.0066
     3(C )   0.0035  -0.0038   0.0064   0.0028   0.0073   0.0051   0.0045
     4(C )  -0.0052  -0.0159   0.0033   0.0085   0.0107   0.0096   0.0022
     5(C )  -0.0427  -0.0764  -0.0165   0.0262   0.0338   0.0300   0.0076
     6(C )  -0.0462  -0.0800  -0.0168   0.0294   0.0338   0.0316   0.0044
     7(H )   0.0447   0.0240   0.0609   0.0162   0.0207   0.0184   0.0045
     8(H )   0.0401   0.0320   0.0453   0.0053   0.0081   0.0067   0.0028
     9(C )  -0.0128  -0.0437   0.0066   0.0194   0.0310   0.0252   0.0116
    10(C )  -0.0384  -0.0976   0.0032   0.0416   0.0592   0.0504   0.0176
    11(H )   0.0424   0.0217   0.0589   0.0165   0.0207   0.0186   0.0041
    12(H )   0.0439   0.0211   0.0629   0.0190   0.0228   0.0209   0.0038
    13(C )  -0.0556  -0.0889  -0.0390   0.0166   0.0333   0.0250   0.0167
    14(C )   0.0669   0.0336   0.0874   0.0205   0.0333   0.0269   0.0129
    15(H )   0.0458   0.0177   0.0666   0.0208   0.0280   0.0244   0.0072
    16(H )   0.0467   0.0243   0.0621   0.0153   0.0224   0.0189   0.0071
    17(C )  -0.0140  -0.0418   0.0190   0.0329   0.0278   0.0304  -0.0051
    18(C )   0.0077   0.0000   0.0095   0.0017   0.0077   0.0047   0.0060
    19(C )   0.0712   0.0413   0.1027   0.0315   0.0299   0.0307  -0.0017
    20(C )  -0.0029  -0.0125   0.0066   0.0094   0.0096   0.0095   0.0001
    21(C )  -0.0374  -0.0558  -0.0152   0.0222   0.0184   0.0203  -0.0038
    22(C )  -0.0509  -0.0849  -0.0351   0.0159   0.0340   0.0249   0.0181
    23(C )  -0.0414  -0.0740  -0.0142   0.0272   0.0326   0.0299   0.0054
    24(C )  -0.0368  -0.0938   0.0050   0.0418   0.0570   0.0494   0.0152
    25(C )  -0.0418  -0.0751  -0.0166   0.0252   0.0332   0.0292   0.0080
    26(H )   0.0401   0.0323   0.0494   0.0093   0.0078   0.0086  -0.0016
    27(H )   0.0460   0.0240   0.0626   0.0166   0.0220   0.0193   0.0054
    28(C )  -0.0471  -0.0777  -0.0136   0.0335   0.0305   0.0320  -0.0030
    29(H )   0.0413   0.0212   0.0588   0.0175   0.0201   0.0188   0.0025
    30(H )   0.0442   0.0170   0.0656   0.0215   0.0271   0.0243   0.0057
    31(H )   0.0435   0.0231   0.0613   0.0178   0.0204   0.0191   0.0025
    32(H )   0.0425   0.0208   0.0634   0.0209   0.0217   0.0213   0.0008
    33(O )  -0.2025  -0.2122  -0.1781   0.0243   0.0097   0.0170  -0.0146
    34(O )  -0.1743  -0.1832  -0.1568   0.0174   0.0089   0.0132  -0.0085
    35(P )   0.3174   0.2860   0.3761   0.0587   0.0314   0.0450  -0.0273
    36(N )  -0.1320  -0.1346  -0.1077   0.0243   0.0026   0.0134  -0.0217
    37(C )   0.0320   0.0316   0.0343   0.0024   0.0003   0.0014  -0.0021
    38(H )   0.0214   0.0187   0.0300   0.0086   0.0027   0.0057  -0.0059
    39(C )   0.0333   0.0314   0.0365   0.0032   0.0019   0.0025  -0.0012
    40(H )   0.0337   0.0310   0.0374   0.0037   0.0027   0.0032  -0.0010
    41(C )  -0.0015   0.0004  -0.0067  -0.0052  -0.0019  -0.0036   0.0033
    42(C )  -0.0465  -0.0532  -0.0412   0.0053   0.0067   0.0060   0.0014
    43(C )  -0.0450  -0.0418  -0.0499  -0.0049  -0.0033  -0.0041   0.0016
    44(C )  -0.0424  -0.0535  -0.0301   0.0123   0.0111   0.0117  -0.0012
    45(H )   0.0398   0.0348   0.0445   0.0048   0.0049   0.0049   0.0002
    46(C )  -0.0410  -0.0482  -0.0343   0.0067   0.0072   0.0070   0.0004
    47(H )   0.0336   0.0377   0.0283  -0.0053  -0.0041  -0.0047   0.0012
    48(C )  -0.0449  -0.0591  -0.0312   0.0137   0.0141   0.0139   0.0004
    49(H )   0.0437   0.0346   0.0536   0.0099   0.0091   0.0095  -0.0008
    50(H )   0.0442   0.0390   0.0501   0.0059   0.0052   0.0055  -0.0007
    51(H )   0.0442   0.0343   0.0544   0.0102   0.0098   0.0100  -0.0003
    52(C )  -0.0060  -0.0042   0.0039   0.0099  -0.0018   0.0040  -0.0117
    53(C )  -0.0460  -0.0460  -0.0388   0.0072  -0.0001   0.0036  -0.0073
    54(C )  -0.0465  -0.0474  -0.0368   0.0097   0.0008   0.0053  -0.0089
    55(C )  -0.0422  -0.0438  -0.0340   0.0082   0.0017   0.0049  -0.0065
    56(H )   0.0342   0.0310   0.0410   0.0068   0.0032   0.0050  -0.0036
    57(C )  -0.0449  -0.0487  -0.0336   0.0112   0.0038   0.0075  -0.0074
    58(H )   0.0371   0.0340   0.0455   0.0084   0.0031   0.0057  -0.0054
    59(C )  -0.0443  -0.0459  -0.0236   0.0206   0.0017   0.0112  -0.0189
    60(H )   0.0384   0.0344   0.0472   0.0088   0.0040   0.0064  -0.0048
    61(H )   0.0408   0.0349   0.0518   0.0110   0.0059   0.0085  -0.0050
    62(H )   0.0395   0.0350   0.0506   0.0111   0.0045   0.0078  -0.0066
    63(C )  -0.0880  -0.0908  -0.0836   0.0044   0.0028   0.0036  -0.0016
    64(H )   0.0316   0.0262   0.0378   0.0062   0.0054   0.0058  -0.0008
    65(H )   0.0322   0.0353   0.0303  -0.0019  -0.0031  -0.0025  -0.0012
    66(H )   0.0337   0.0253   0.0451   0.0114   0.0084   0.0099  -0.0030
    67(C )  -0.0890  -0.0936  -0.0829   0.0060   0.0046   0.0053  -0.0014
    68(H )   0.0289   0.0249   0.0343   0.0053   0.0040   0.0047  -0.0013
    69(H )   0.0261   0.0199   0.0348   0.0087   0.0062   0.0075  -0.0025
    70(H )   0.0364   0.0295   0.0449   0.0085   0.0069   0.0077  -0.0017
 
 Condensed local electrophilicity/nucleophilicity index (e*eV)
     Atom              Electrophilicity          Nucleophilicity
     1(C )                  0.02622                  0.09389
     2(C )                  0.01597                  0.05172
     3(C )                  0.00573                  0.01067
     4(C )                  0.00839                  0.03201
     5(C )                  0.02652                  0.09837
     6(C )                  0.02655                  0.11027
     7(H )                  0.01624                  0.06081
     8(H )                  0.00633                  0.01975
     9(C )                  0.02432                  0.07269
    10(C )                  0.04653                  0.15626
    11(H )                  0.01623                  0.06207
    12(H )                  0.01792                  0.07140
    13(C )                  0.02615                  0.06245
    14(C )                  0.02620                  0.07686
    15(H )                  0.02203                  0.07830
    16(H )                  0.01763                  0.05754
    17(C )                  0.02186                  0.12370
    18(C )                  0.00605                  0.00650
    19(C )                  0.02346                  0.11846
    20(C )                  0.00752                  0.03547
    21(C )                  0.01448                  0.08351
    22(C )                  0.02671                  0.05970
    23(C )                  0.02561                  0.10224
    24(C )                  0.04480                  0.15696
    25(C )                  0.02609                  0.09478
    26(H )                  0.00612                  0.03510
    27(H )                  0.01731                  0.06235
    28(C )                  0.02399                  0.12599
    29(H )                  0.01578                  0.06589
    30(H )                  0.02132                  0.08063
    31(H )                  0.01602                  0.06702
    32(H )                  0.01708                  0.07849
    33(O )                  0.00765                  0.09133
    34(O )                  0.00703                  0.06544
    35(P )                  0.02468                  0.22038
    36(N )                  0.00202                  0.09133
    37(C )                  0.00026                  0.00896
    38(H )                  0.00213                  0.03242
    39(C )                  0.00151                  0.01188
    40(H )                  0.00211                  0.01391
    41(C )                 -0.00153                 -0.01959
    42(C )                  0.00528                  0.01994
    43(C )                 -0.00258                 -0.01825
    44(C )                  0.00874                  0.04623
    45(H )                  0.00388                  0.01795
    46(C )                  0.00564                  0.02528
    47(H )                 -0.00324                 -0.01993
    48(C )                  0.01110                  0.05158
    49(H )                  0.00718                  0.03734
    50(H )                  0.00408                  0.02204
    51(H )                  0.00773                  0.03823
    52(C )                 -0.00141                  0.03702
    53(C )                 -0.00007                  0.02712
    54(C )                  0.00066                  0.03661
    55(C )                  0.00130                  0.03075
    56(H )                  0.00253                  0.02553
    57(C )                  0.00300                  0.04211
    58(H )                  0.00241                  0.03164
    59(C )                  0.00133                  0.07751
    60(H )                  0.00316                  0.03303
    61(H )                  0.00467                  0.04127
    62(H )                  0.00354                  0.04187
    63(C )                  0.00218                  0.01650
    64(H )                  0.00422                  0.02324
    65(H )                 -0.00243                 -0.00708
    66(H )                  0.00662                  0.04285
    67(C )                  0.00364                  0.02269
    68(H )                  0.00316                  0.02003
    69(H )                  0.00489                  0.03280
    70(H )                  0.00540                  0.03204
 
 Condensed local softnesses (Hartree*e) and relative electrophilicity/nucleophilicity (dimensionless)
     Atom         s-          s+          s0        s+/s-       s-/s+
     1(C )      0.1013      0.1353      0.1183      1.3349      0.7491
     2(C )      0.0558      0.0824      0.0691      1.4764      0.6773
     3(C )      0.0115      0.0296      0.0205      2.5678      0.3894
     4(C )      0.0345      0.0433      0.0389      1.2532      0.7980
     5(C )      0.1062      0.1368      0.1215      1.2888      0.7759
     6(C )      0.1190      0.1370      0.1280      1.1512      0.8687
     7(H )      0.0656      0.0838      0.0747      1.2769      0.7832
     8(H )      0.0213      0.0326      0.0270      1.5309      0.6532
     9(C )      0.0784      0.1255      0.1019      1.5993      0.6253
    10(C )      0.1686      0.2401      0.2043      1.4236      0.7024
    11(H )      0.0670      0.0837      0.0754      1.2500      0.8000
    12(H )      0.0771      0.0925      0.0848      1.1999      0.8334
    13(C )      0.0674      0.1349      0.1011      2.0019      0.4995
    14(C )      0.0829      0.1352      0.1091      1.6295      0.6137
    15(H )      0.0845      0.1137      0.0991      1.3450      0.7435
    16(H )      0.0621      0.0909      0.0765      1.4647      0.6827
    17(C )      0.1335      0.1128      0.1231      0.8448      1.1836
    18(C )      0.0070      0.0312      0.0191      4.4549      0.2245
    19(C )      0.1278      0.1210      0.1244      0.9467      1.0563
    20(C )      0.0383      0.0388      0.0385      1.0140      0.9862
    21(C )      0.0901      0.0747      0.0824      0.8291      1.2061
    22(C )      0.0644      0.1378      0.1011      2.1394      0.4674
    23(C )      0.1103      0.1321      0.1212      1.1977      0.8349
    24(C )      0.1694      0.2312      0.2003      1.3647      0.7328
    25(C )      0.1023      0.1346      0.1184      1.3162      0.7598
    26(H )      0.0379      0.0316      0.0347      0.8331      1.2003
    27(H )      0.0673      0.0893      0.0783      1.3268      0.7537
    28(C )      0.1360      0.1238      0.1299      0.9103      1.0985
    29(H )      0.0711      0.0814      0.0763      1.1446      0.8737
    30(H )      0.0870      0.1100      0.0985      1.2640      0.7911
    31(H )      0.0723      0.0827      0.0775      1.1428      0.8750
    32(H )      0.0847      0.0881      0.0864      1.0402      0.9614
    33(O )      0.0986      0.0395      0.0690      0.4007      2.4958
    34(O )      0.0706      0.0363      0.0534      0.5135      1.9473
    35(P )      0.2378      0.1273      0.1826      0.5354      1.8678
    36(N )      0.0986      0.0104      0.0545      0.1057      9.4592
    37(C )      0.0097      0.0013      0.0055      0.1369      7.3070
    38(H )      0.0350      0.0110      0.0230      0.3141      3.1839
    39(C )      0.0128      0.0078      0.0103      0.6061      1.6500
    40(H )      0.0150      0.0109      0.0130      0.7257      1.3780
    41(C )     -0.0211     -0.0079     -0.0145      0.3726      2.6838
    42(C )      0.0215      0.0273      0.0244      1.2667      0.7894
    43(C )     -0.0197     -0.0133     -0.0165      0.6748      1.4820
    44(C )      0.0499      0.0451      0.0475      0.9034      1.1069
    45(H )      0.0194      0.0200      0.0197      1.0327      0.9684
    46(C )      0.0273      0.0291      0.0282      1.0665      0.9376
    47(H )     -0.0215     -0.0167     -0.0191      0.7775      1.2863
    48(C )      0.0557      0.0573      0.0565      1.0291      0.9717
    49(H )      0.0403      0.0370      0.0387      0.9189      1.0882
    50(H )      0.0238      0.0210      0.0224      0.8849      1.1301
    51(H )      0.0413      0.0399      0.0406      0.9661      1.0351
    52(C )      0.0400     -0.0073      0.0163     -0.1820     -5.4933
    53(C )      0.0293     -0.0003      0.0145     -0.0119    -83.7457
    54(C )      0.0395      0.0034      0.0215      0.0867     11.5356
    55(C )      0.0332      0.0067      0.0200      0.2023      4.9421
    56(H )      0.0275      0.0130      0.0203      0.4731      2.1139
    57(C )      0.0454      0.0155      0.0305      0.3406      2.9359
    58(H )      0.0341      0.0124      0.0233      0.3640      2.7472
    59(C )      0.0836      0.0068      0.0452      0.0818     12.2203
    60(H )      0.0356      0.0163      0.0260      0.4574      2.1865
    61(H )      0.0445      0.0241      0.0343      0.5406      1.8498
    62(H )      0.0452      0.0183      0.0317      0.4041      2.4743
    63(C )      0.0178      0.0112      0.0145      0.6306      1.5857
    64(H )      0.0251      0.0218      0.0234      0.8674      1.1528
    65(H )     -0.0076     -0.0126     -0.0101      1.6446      0.6081
    66(H )      0.0462      0.0342      0.0402      0.7387      1.3536
    67(C )      0.0245      0.0188      0.0216      0.7667      1.3044
    68(H )      0.0216      0.0163      0.0190      0.7545      1.3254
    69(H )      0.0354      0.0252      0.0303      0.7133      1.4020
    70(H )      0.0346      0.0279      0.0312      0.8061      1.2405
 
 E(N):    -1936.483026 Hartree
 E(N+1):  -1936.479024 Hartree
 E(N-1):  -1936.240309 Hartree
 E_HOMO(N):     -0.197171 Hartree,   -5.3653 eV
 E_HOMO(N+1):    0.050437 Hartree,    1.3725 eV
 E_HOMO(N-1):   -0.321614 Hartree,   -8.7516 eV
 Vertical IP:    0.242717 Hartree,    6.6047 eV
 Vertical EA:   -0.004001 Hartree,   -0.1089 eV
 Mulliken electronegativity:     0.119358 Hartree,    3.2479 eV
 Chemical potential:            -0.119358 Hartree,   -3.2479 eV
 Hardness (=fundamental gap):    0.246719 Hartree,    6.7136 eV
 Softness:    4.053199 Hartree^-1,    0.1490 eV^-1
 Electrophilicity index:    0.028872 Hartree,    0.7856 eV
 Nucleophilicity index:     0.138027 Hartree,    3.7559 eV
