 Note: the E(HOMO) of TCE used for evaluating nucleophilicity index is the value evaluated at B3LYP/6-31G* level
 
 Hirshfeld charges, condensed Fukui functions and condensed dual descriptors
 Units used below are "e" (elementary charge)
     Atom     q(N)    q(N+1)   q(N-1)     f-       f+       f0      CDD
     1(C )  -0.0958  -0.0978  -0.0924   0.0034   0.0021   0.0027  -0.0013
     2(C )   0.0358   0.0352   0.0366   0.0008   0.0006   0.0007  -0.0003
     3(N )  -0.1251  -0.1278  -0.1182   0.0070   0.0027   0.0048  -0.0043
     4(P )   0.3423   0.3311   0.3610   0.0186   0.0112   0.0149  -0.0075
     5(O )  -0.2058  -0.2140  -0.1802   0.0257   0.0082   0.0169  -0.0175
     6(C )   0.0805   0.0600   0.1282   0.0477   0.0205   0.0341  -0.0272
     7(C )  -0.0250  -0.0408   0.0376   0.0626   0.0158   0.0392  -0.0468
     8(C )   0.0015  -0.0042   0.0041   0.0027   0.0057   0.0042   0.0030
     9(C )  -0.0405  -0.0476  -0.0068   0.0337   0.0071   0.0204  -0.0267
    10(C )  -0.0416  -0.0666  -0.0113   0.0304   0.0250   0.0277  -0.0053
    11(C )  -0.0479  -0.0686  -0.0036   0.0443   0.0207   0.0325  -0.0235
    12(C )  -0.0404  -0.0606  -0.0078   0.0325   0.0202   0.0264  -0.0123
    13(C )  -0.0096  -0.0163   0.0020   0.0117   0.0066   0.0092  -0.0050
    14(C )  -0.0332  -0.0753   0.0262   0.0594   0.0420   0.0507  -0.0174
    15(C )  -0.0458  -0.0687  -0.0274   0.0184   0.0229   0.0206   0.0045
    16(C )  -0.0164  -0.0466  -0.0066   0.0098   0.0302   0.0200   0.0204
    17(C )   0.0018  -0.0055   0.0042   0.0024   0.0073   0.0048   0.0048
    18(C )  -0.0374  -0.0561  -0.0340   0.0034   0.0187   0.0110   0.0153
    19(C )  -0.0376  -0.0688  -0.0151   0.0224   0.0313   0.0268   0.0088
    20(C )  -0.0430  -0.0711  -0.0199   0.0231   0.0281   0.0256   0.0051
    21(C )  -0.0401  -0.0684  -0.0190   0.0211   0.0283   0.0247   0.0072
    22(C )  -0.0083  -0.0165  -0.0013   0.0070   0.0081   0.0076   0.0012
    23(C )  -0.0350  -0.0889   0.0080   0.0430   0.0539   0.0485   0.0108
    24(C )  -0.0535  -0.0814  -0.0374   0.0161   0.0278   0.0220   0.0117
    25(C )   0.0649   0.0376   0.0907   0.0257   0.0273   0.0265   0.0016
    26(O )  -0.1784  -0.1848  -0.1693   0.0091   0.0064   0.0077  -0.0028
    27(C )   0.0361   0.0342   0.0371   0.0011   0.0018   0.0014   0.0008
    28(C )   0.0013  -0.0112  -0.0041  -0.0054   0.0125   0.0036   0.0179
    29(C )   0.0001  -0.0019  -0.0021  -0.0022   0.0020  -0.0001   0.0041
    30(C )  -0.0023  -0.0080   0.0008   0.0031   0.0057   0.0044   0.0026
    31(C )  -0.0376  -0.0617  -0.0290   0.0086   0.0242   0.0164   0.0156
    32(C )  -0.0401  -0.0566  -0.0344   0.0058   0.0164   0.0111   0.0107
    33(C )  -0.0381  -0.0529  -0.0366   0.0015   0.0148   0.0081   0.0133
    34(C )  -0.0402  -0.0520  -0.0470  -0.0068   0.0118   0.0025   0.0186
    35(C )  -0.0373  -0.0632  -0.0275   0.0098   0.0260   0.0179   0.0161
    36(C )  -0.0408  -0.0612  -0.0350   0.0059   0.0204   0.0131   0.0145
    37(C )  -0.0407  -0.0578  -0.0370   0.0037   0.0171   0.0104   0.0133
    38(C )  -0.0867  -0.0903  -0.0844   0.0023   0.0036   0.0030   0.0013
    39(C )  -0.0065  -0.0068   0.0063   0.0127   0.0003   0.0065  -0.0124
    40(C )  -0.0340  -0.0315  -0.0283   0.0057  -0.0025   0.0016  -0.0081
    41(C )  -0.0353  -0.0383  -0.0363  -0.0010   0.0030   0.0010   0.0041
    42(C )  -0.0354  -0.0413  -0.0253   0.0102   0.0058   0.0080  -0.0043
    43(C )  -0.0031  -0.0035  -0.0018   0.0013   0.0004   0.0009  -0.0009
    44(C )  -0.0043  -0.0035  -0.0060  -0.0017  -0.0008  -0.0012   0.0008
    45(C )  -0.0411  -0.0413  -0.0338   0.0074   0.0002   0.0038  -0.0071
    46(C )  -0.0418  -0.0539  -0.0275   0.0143   0.0121   0.0132  -0.0022
    47(C )  -0.0437  -0.0545  -0.0262   0.0176   0.0108   0.0142  -0.0068
    48(C )  -0.0368  -0.0418  -0.0315   0.0053   0.0050   0.0052  -0.0003
    49(H )   0.0184   0.0168   0.0265   0.0081   0.0016   0.0048  -0.0064
    50(H )   0.0227   0.0241   0.0218  -0.0009  -0.0014  -0.0011  -0.0005
    51(H )   0.0292   0.0214   0.0362   0.0070   0.0078   0.0074   0.0009
    52(H )   0.0258   0.0208   0.0339   0.0081   0.0050   0.0065  -0.0031
    53(H )   0.0334   0.0302   0.0477   0.0142   0.0033   0.0087  -0.0109
    54(H )   0.0409   0.0253   0.0618   0.0209   0.0156   0.0183  -0.0054
    55(H )   0.0396   0.0234   0.0643   0.0246   0.0162   0.0204  -0.0084
    56(H )   0.0387   0.0244   0.0582   0.0195   0.0142   0.0169  -0.0053
    57(H )   0.0405   0.0202   0.0658   0.0253   0.0203   0.0228  -0.0051
    58(H )   0.0406   0.0264   0.0584   0.0178   0.0142   0.0160  -0.0036
    59(H )   0.0360   0.0279   0.0369   0.0009   0.0081   0.0045   0.0072
    60(H )   0.0431   0.0241   0.0574   0.0144   0.0190   0.0167   0.0046
    61(H )   0.0419   0.0223   0.0588   0.0169   0.0196   0.0182   0.0027
    62(H )   0.0404   0.0230   0.0554   0.0150   0.0174   0.0162   0.0024
    63(H )   0.0440   0.0189   0.0649   0.0210   0.0251   0.0230   0.0041
    64(H )   0.0453   0.0294   0.0604   0.0151   0.0159   0.0155   0.0008
    65(H )   0.0229   0.0178   0.0260   0.0031   0.0051   0.0041   0.0020
    66(H )   0.0416   0.0275   0.0488   0.0072   0.0141   0.0106   0.0068
    67(H )   0.0431   0.0310   0.0491   0.0060   0.0121   0.0090   0.0061
    68(H )   0.0423   0.0355   0.0422  -0.0001   0.0068   0.0034   0.0069
    69(H )   0.0217   0.0193   0.0169  -0.0048   0.0024  -0.0012   0.0072
    70(H )   0.0425   0.0280   0.0502   0.0076   0.0146   0.0111   0.0069
    71(H )   0.0438   0.0300   0.0503   0.0065   0.0138   0.0102   0.0073
    72(H )   0.0373   0.0273   0.0392   0.0019   0.0099   0.0059   0.0080
    73(H )   0.0277   0.0252   0.0310   0.0033   0.0025   0.0029  -0.0008
    74(H )   0.0369   0.0280   0.0466   0.0097   0.0088   0.0093  -0.0009
    75(H )   0.0338   0.0300   0.0319  -0.0019   0.0038   0.0010   0.0057
    76(H )   0.0392   0.0394   0.0436   0.0043  -0.0002   0.0021  -0.0045
    77(H )   0.0413   0.0376   0.0450   0.0037   0.0037   0.0037   0.0000
    78(H )   0.0390   0.0332   0.0460   0.0070   0.0057   0.0064  -0.0013
    79(H )   0.0287   0.0280   0.0341   0.0053   0.0008   0.0030  -0.0046
    80(H )   0.0400   0.0309   0.0521   0.0121   0.0091   0.0106  -0.0030
    81(H )   0.0408   0.0308   0.0538   0.0130   0.0099   0.0115  -0.0030
    82(H )   0.0396   0.0334   0.0465   0.0069   0.0061   0.0065  -0.0008
 
 Condensed local electrophilicity/nucleophilicity index (e*eV)
     Atom              Electrophilicity          Nucleophilicity
     1(C )                  0.00195                  0.00812
     2(C )                  0.00053                  0.00200
     3(N )                  0.00250                  0.01663
     4(P )                  0.01045                  0.04446
     5(O )                  0.00764                  0.06118
     6(C )                  0.01919                  0.11374
     7(C )                  0.01482                  0.14934
     8(C )                  0.00529                  0.00635
     9(C )                  0.00660                  0.08040
    10(C )                  0.02338                  0.07238
    11(C )                  0.01939                  0.10555
    12(C )                  0.01891                  0.07761
    13(C )                  0.00622                  0.02787
    14(C )                  0.03929                  0.14170
    15(C )                  0.02142                  0.04382
    16(C )                  0.02823                  0.02345
    17(C )                  0.00680                  0.00578
    18(C )                  0.01745                  0.00807
    19(C )                  0.02923                  0.05350
    20(C )                  0.02632                  0.05498
    21(C )                  0.02645                  0.05028
    22(C )                  0.00762                  0.01668
    23(C )                  0.05039                  0.10265
    24(C )                  0.02604                  0.03845
    25(C )                  0.02553                  0.06138
    26(O )                  0.00595                  0.02178
    27(C )                  0.00171                  0.00251
    28(C )                  0.01171                 -0.01286
    29(C )                  0.00183                 -0.00516
    30(C )                  0.00532                  0.00740
    31(C )                  0.02263                  0.02049
    32(C )                  0.01538                  0.01373
    33(C )                  0.01385                  0.00353
    34(C )                  0.01100                 -0.01620
    35(C )                  0.02427                  0.02344
    36(C )                  0.01906                  0.01396
    37(C )                  0.01594                  0.00887
    38(C )                  0.00336                  0.00551
    39(C )                  0.00031                  0.03039
    40(C )                 -0.00230                  0.01355
    41(C )                  0.00281                 -0.00250
    42(C )                  0.00547                  0.02428
    43(C )                  0.00042                  0.00314
    44(C )                 -0.00076                 -0.00395
    45(C )                  0.00020                  0.01754
    46(C )                  0.01130                  0.03407
    47(C )                  0.01007                  0.04189
    48(C )                  0.00471                  0.01266
    49(H )                  0.00153                  0.01921
    50(H )                 -0.00131                 -0.00215
    51(H )                  0.00731                  0.01660
    52(H )                  0.00464                  0.01930
    53(H )                  0.00307                  0.03390
    54(H )                  0.01456                  0.04992
    55(H )                  0.01515                  0.05874
    56(H )                  0.01330                  0.04659
    57(H )                  0.01894                  0.06043
    58(H )                  0.01325                  0.04246
    59(H )                  0.00757                  0.00218
    60(H )                  0.01776                  0.03425
    61(H )                  0.01832                  0.04025
    62(H )                  0.01626                  0.03575
    63(H )                  0.02345                  0.05003
    64(H )                  0.01488                  0.03612
    65(H )                  0.00474                  0.00735
    66(H )                  0.01314                  0.01726
    67(H )                  0.01130                  0.01434
    68(H )                  0.00640                 -0.00017
    69(H )                  0.00220                 -0.01156
    70(H )                  0.01361                  0.01822
    71(H )                  0.01292                  0.01559
    72(H )                  0.00928                  0.00452
    73(H )                  0.00231                  0.00786
    74(H )                  0.00826                  0.02322
    75(H )                  0.00357                 -0.00454
    76(H )                 -0.00020                  0.01033
    77(H )                  0.00346                  0.00879
    78(H )                  0.00536                  0.01671
    79(H )                  0.00071                  0.01273
    80(H )                  0.00850                  0.02886
    81(H )                  0.00930                  0.03097
    82(H )                  0.00572                  0.01644
 
 Condensed local softnesses (Hartree*e) and relative electrophilicity/nucleophilicity (dimensionless)
     Atom         s-          s+          s0        s+/s-       s-/s+
     1(C )      0.0130      0.0080      0.0105      0.6138      1.6292
     2(C )      0.0032      0.0022      0.0027      0.6756      1.4802
     3(N )      0.0266      0.0102      0.0184      0.3830      2.6107
     4(P )      0.0710      0.0426      0.0568      0.5996      1.6679
     5(O )      0.0977      0.0311      0.0644      0.3184      3.1405
     6(C )      0.1817      0.0782      0.1300      0.4304      2.3235
     7(C )      0.2386      0.0604      0.1495      0.2531      3.9516
     8(C )      0.0101      0.0216      0.0159      2.1260      0.4704
     9(C )      0.1285      0.0269      0.0777      0.2094      4.7763
    10(C )      0.1157      0.0953      0.1055      0.8239      1.2137
    11(C )      0.1686      0.0790      0.1238      0.4686      2.1339
    12(C )      0.1240      0.0770      0.1005      0.6214      1.6094
    13(C )      0.0445      0.0253      0.0349      0.5689      1.7577
    14(C )      0.2264      0.1601      0.1933      0.7072      1.4140
    15(C )      0.0700      0.0873      0.0787      1.2468      0.8020
    16(C )      0.0375      0.1150      0.0762      3.0697      0.3258
    17(C )      0.0092      0.0277      0.0185      3.0005      0.3333
    18(C )      0.0129      0.0711      0.0420      5.5154      0.1813
    19(C )      0.0855      0.1191      0.1023      1.3933      0.7177
    20(C )      0.0878      0.1072      0.0975      1.2208      0.8191
    21(C )      0.0803      0.1078      0.0941      1.3414      0.7455
    22(C )      0.0266      0.0311      0.0289      1.1652      0.8582
    23(C )      0.1640      0.2053      0.1847      1.2520      0.7987
    24(C )      0.0614      0.1061      0.0838      1.7273      0.5789
    25(C )      0.0981      0.1040      0.1011      1.0609      0.9426
    26(O )      0.0348      0.0242      0.0295      0.6962      1.4364
    27(C )      0.0040      0.0070      0.0055      1.7369      0.5757
    28(C )     -0.0205      0.0477      0.0136     -2.3221     -0.4306
    29(C )     -0.0082      0.0075     -0.0004     -0.9056     -1.1042
    30(C )      0.0118      0.0217      0.0168      1.8355      0.5448
    31(C )      0.0327      0.0922      0.0625      2.8161      0.3551
    32(C )      0.0219      0.0627      0.0423      2.8567      0.3501
    33(C )      0.0056      0.0564      0.0310     10.0001      0.1000
    34(C )     -0.0259      0.0448      0.0095     -1.7309     -0.5777
    35(C )      0.0374      0.0989      0.0682      2.6409      0.3787
    36(C )      0.0223      0.0777      0.0500      3.4841      0.2870
    37(C )      0.0142      0.0650      0.0396      4.5858      0.2181
    38(C )      0.0088      0.0137      0.0112      1.5539      0.6435
    39(C )      0.0486      0.0012      0.0249      0.0257     38.9429
    40(C )      0.0216     -0.0094      0.0061     -0.4336     -2.3065
    41(C )     -0.0040      0.0115      0.0037     -2.8663     -0.3489
    42(C )      0.0388      0.0223      0.0305      0.5744      1.7410
    43(C )      0.0050      0.0017      0.0034      0.3394      2.9459
    44(C )     -0.0063     -0.0031     -0.0047      0.4879      2.0496
    45(C )      0.0280      0.0008      0.0144      0.0291     34.3980
    46(C )      0.0544      0.0461      0.0502      0.8461      1.1819
    47(C )      0.0669      0.0410      0.0540      0.6131      1.6311
    48(C )      0.0202      0.0192      0.0197      0.9488      1.0539
    49(H )      0.0307      0.0062      0.0185      0.2027      4.9345
    50(H )     -0.0034     -0.0053     -0.0044      1.5519      0.6444
    51(H )      0.0265      0.0298      0.0281      1.1229      0.8906
    52(H )      0.0308      0.0189      0.0249      0.6127      1.6321
    53(H )      0.0542      0.0125      0.0333      0.2311      4.3275
    54(H )      0.0798      0.0593      0.0695      0.7438      1.3445
    55(H )      0.0938      0.0617      0.0778      0.6579      1.5200
    56(H )      0.0744      0.0542      0.0643      0.7279      1.3737
    57(H )      0.0966      0.0772      0.0869      0.7995      1.2507
    58(H )      0.0678      0.0540      0.0609      0.7960      1.2562
    59(H )      0.0035      0.0308      0.0172      8.8553      0.1129
    60(H )      0.0547      0.0724      0.0635      1.3223      0.7563
    61(H )      0.0643      0.0746      0.0695      1.1608      0.8615
    62(H )      0.0571      0.0662      0.0617      1.1597      0.8623
    63(H )      0.0799      0.0956      0.0877      1.1955      0.8365
    64(H )      0.0577      0.0606      0.0592      1.0504      0.9520
    65(H )      0.0117      0.0193      0.0155      1.6438      0.6084
    66(H )      0.0276      0.0535      0.0406      1.9421      0.5149
    67(H )      0.0229      0.0460      0.0345      2.0095      0.4976
    68(H )     -0.0003      0.0261      0.0129    -97.2576     -0.0103
    69(H )     -0.0185      0.0090     -0.0047     -0.4862     -2.0567
    70(H )      0.0291      0.0554      0.0423      1.9045      0.5251
    71(H )      0.0249      0.0526      0.0388      2.1134      0.4732
    72(H )      0.0072      0.0378      0.0225      5.2391      0.1909
    73(H )      0.0126      0.0094      0.0110      0.7494      1.3344
    74(H )      0.0371      0.0336      0.0354      0.9067      1.1029
    75(H )     -0.0072      0.0146      0.0037     -2.0079     -0.4980
    76(H )      0.0165     -0.0008      0.0078     -0.0496    -20.1512
    77(H )      0.0141      0.0141      0.0141      1.0045      0.9956
    78(H )      0.0267      0.0218      0.0243      0.8183      1.2221
    79(H )      0.0203      0.0029      0.0116      0.1423      7.0274
    80(H )      0.0461      0.0347      0.0404      0.7515      1.3306
    81(H )      0.0495      0.0379      0.0437      0.7657      1.3060
    82(H )      0.0263      0.0233      0.0248      0.8883      1.1258
 
 E(N):    -2241.521258 Hartree
 E(N+1):  -2241.524343 Hartree
 E(N-1):  -2241.255744 Hartree
 E_HOMO(N):     -0.247552 Hartree,   -6.7362 eV
 E_HOMO(N+1):    0.015738 Hartree,    0.4283 eV
 E_HOMO(N-1):   -0.342150 Hartree,   -9.3104 eV
 Vertical IP:    0.265514 Hartree,    7.2250 eV
 Vertical EA:    0.003085 Hartree,    0.0839 eV
 Mulliken electronegativity:     0.134299 Hartree,    3.6545 eV
 Chemical potential:            -0.134299 Hartree,   -3.6545 eV
 Hardness (=fundamental gap):    0.262429 Hartree,    7.1411 eV
 Softness:    3.810558 Hartree^-1,    0.1400 eV^-1
 Electrophilicity index:    0.034364 Hartree,    0.9351 eV
 Nucleophilicity index:     0.087646 Hartree,    2.3850 eV
