 Note: the E(HOMO) of TCE used for evaluating nucleophilicity index is the value evaluated at B3LYP/6-31G* level
 
 Hirshfeld charges, condensed Fukui functions and condensed dual descriptors
 Units used below are "e" (elementary charge)
     Atom     q(N)    q(N+1)   q(N-1)     f-       f+       f0      CDD
     1(C )  -0.0576  -0.0650  -0.0415   0.0161   0.0075   0.0118  -0.0086
     2(C )  -0.0551  -0.0839   0.0121   0.0673   0.0288   0.0480  -0.0385
     3(C )  -0.0764  -0.0655  -0.0589   0.0175  -0.0110   0.0033  -0.0285
     4(C )   0.0141   0.0096   0.0347   0.0206   0.0045   0.0125  -0.0161
     5(N )  -0.1515  -0.1643  -0.0634   0.0881   0.0128   0.0504  -0.0753
     6(S )   0.5371   0.4886   0.5549   0.0178   0.0486   0.0332   0.0308
     7(O )  -0.3394  -0.3861  -0.2786   0.0608   0.0467   0.0538  -0.0141
     8(O )  -0.3326  -0.3798  -0.2748   0.0578   0.0472   0.0525  -0.0106
     9(C )  -0.0336  -0.1187   0.0228   0.0565   0.0851   0.0708   0.0286
    10(C )  -0.0233  -0.1153   0.0210   0.0443   0.0920   0.0682   0.0477
    11(C )  -0.0362  -0.0842  -0.0041   0.0321   0.0480   0.0401   0.0159
    12(C )   0.0184  -0.0872   0.0938   0.0753   0.1057   0.0905   0.0303
    13(C )  -0.0758  -0.1044  -0.0535   0.0223   0.0286   0.0254   0.0064
    14(C )  -0.0376  -0.1086   0.0265   0.0641   0.0710   0.0676   0.0069
    15(C )  -0.0288  -0.0850  -0.0037   0.0251   0.0563   0.0407   0.0312
    16(H )   0.0514   0.0412   0.0698   0.0184   0.0102   0.0143  -0.0082
    17(H )   0.0510   0.0435   0.0671   0.0161   0.0075   0.0118  -0.0086
    18(H )   0.0501   0.0390   0.0712   0.0211   0.0111   0.0161  -0.0100
    19(H )   0.0458   0.0485   0.0678   0.0220  -0.0027   0.0096  -0.0247
    20(H )   0.0425   0.0312   0.0817   0.0392   0.0113   0.0253  -0.0279
    21(H )   0.1257   0.1007   0.1596   0.0339   0.0250   0.0294  -0.0089
    22(H )   0.0535   0.0077   0.0764   0.0229   0.0459   0.0344   0.0230
    23(H )   0.0443   0.0076   0.0716   0.0273   0.0367   0.0320   0.0095
    24(H )   0.0378   0.0111   0.0594   0.0216   0.0267   0.0241   0.0050
    25(H )   0.0398   0.0024   0.0675   0.0276   0.0374   0.0325   0.0098
    26(H )   0.0412   0.0005   0.0723   0.0311   0.0407   0.0359   0.0096
    27(H )   0.0449   0.0011   0.0771   0.0322   0.0437   0.0380   0.0115
    28(H )   0.0502   0.0155   0.0713   0.0211   0.0348   0.0279   0.0136
 
 Condensed local electrophilicity/nucleophilicity index (e*eV)
     Atom              Electrophilicity          Nucleophilicity
     1(C )                  0.00710                  0.00977
     2(C )                  0.02732                  0.04088
     3(C )                 -0.01042                  0.01065
     4(C )                  0.00427                  0.01250
     5(N )                  0.01215                  0.05354
     6(S )                  0.04614                  0.01079
     7(O )                  0.04436                  0.03695
     8(O )                  0.04480                  0.03511
     9(C )                  0.08081                  0.03433
    10(C )                  0.08737                  0.02693
    11(C )                  0.04560                  0.01951
    12(C )                  0.10032                  0.04579
    13(C )                  0.02720                  0.01352
    14(C )                  0.06742                  0.03897
    15(C )                  0.05345                  0.01524
    16(H )                  0.00966                  0.01119
    17(H )                  0.00712                  0.00977
    18(H )                  0.01052                  0.01282
    19(H )                 -0.00261                  0.01336
    20(H )                  0.01076                  0.02384
    21(H )                  0.02373                  0.02061
    22(H )                  0.04356                  0.01390
    23(H )                  0.03489                  0.01656
    24(H )                  0.02531                  0.01314
    25(H )                  0.03553                  0.01679
    26(H )                  0.03867                  0.01892
    27(H )                  0.04151                  0.01957
    28(H )                  0.03301                  0.01284
 
 Condensed local softnesses (Hartree*e) and relative electrophilicity/nucleophilicity (dimensionless)
     Atom         s-          s+          s0        s+/s-       s-/s+
     1(C )      0.0442      0.0205      0.0324      0.4649      2.1511
     2(C )      0.1848      0.0791      0.1319      0.4278      2.3374
     3(C )      0.0481     -0.0301      0.0090     -0.6263     -1.5967
     4(C )      0.0565      0.0124      0.0344      0.2187      4.5716
     5(N )      0.2420      0.0352      0.1386      0.1452      6.8848
     6(S )      0.0488      0.1335      0.0911      2.7375      0.3653
     7(O )      0.1670      0.1284      0.1477      0.7685      1.3012
     8(O )      0.1587      0.1297      0.1442      0.8168      1.2244
     9(C )      0.1552      0.2339      0.1945      1.5067      0.6637
    10(C )      0.1218      0.2528      0.1873      2.0765      0.4816
    11(C )      0.0882      0.1320      0.1101      1.4959      0.6685
    12(C )      0.2070      0.2903      0.2487      1.4024      0.7130
    13(C )      0.0611      0.0787      0.0699      1.2874      0.7768
    14(C )      0.1762      0.1951      0.1856      1.1072      0.9032
    15(C )      0.0689      0.1547      0.1118      2.2443      0.4456
    16(H )      0.0506      0.0279      0.0393      0.5524      1.8103
    17(H )      0.0442      0.0206      0.0324      0.4664      2.1440
    18(H )      0.0580      0.0304      0.0442      0.5248      1.9054
    19(H )      0.0604     -0.0075      0.0264     -0.1249     -8.0092
    20(H )      0.1078      0.0311      0.0695      0.2888      3.4631
    21(H )      0.0932      0.0687      0.0809      0.7370      1.3569
    22(H )      0.0628      0.1261      0.0944      2.0062      0.4985
    23(H )      0.0749      0.1010      0.0879      1.3482      0.7417
    24(H )      0.0594      0.0732      0.0663      1.2326      0.8113
    25(H )      0.0759      0.1028      0.0894      1.3548      0.7381
    26(H )      0.0855      0.1119      0.0987      1.3085      0.7642
    27(H )      0.0885      0.1201      0.1043      1.3577      0.7365
    28(H )      0.0580      0.0955      0.0768      1.6461      0.6075
 
 E(N):    -1029.371613 Hartree
 E(N+1):  -1029.349018 Hartree
 E(N-1):  -1029.030283 Hartree
 E_HOMO(N):     -0.312862 Hartree,   -8.5134 eV
 E_HOMO(N+1):    0.053429 Hartree,    1.4539 eV
 E_HOMO(N-1):    0.000000 Hartree,    0.0000 eV
 Vertical IP:    0.341330 Hartree,    9.2881 eV
 Vertical EA:   -0.022594 Hartree,   -0.6148 eV
 Mulliken electronegativity:     0.159368 Hartree,    4.3366 eV
 Chemical potential:            -0.159368 Hartree,   -4.3366 eV
 Hardness (=fundamental gap):    0.363924 Hartree,    9.9029 eV
 Softness:    2.747827 Hartree^-1,    0.1010 eV^-1
 Electrophilicity index:    0.034895 Hartree,    0.9495 eV
 Nucleophilicity index:     0.022336 Hartree,    0.6078 eV
