 Note: the E(HOMO) of TCE used for evaluating nucleophilicity index is the value evaluated at B3LYP/6-31G* level
 
 Hirshfeld charges, condensed Fukui functions and condensed dual descriptors
 Units used below are "e" (elementary charge)
     Atom     q(N)    q(N+1)   q(N-1)     f-       f+       f0      CDD
     1(C )  -0.0757  -0.1042  -0.0551   0.0206   0.0285   0.0245   0.0080
     2(C )   0.0175  -0.0889   0.0884   0.0709   0.1064   0.0886   0.0355
     3(C )  -0.0370  -0.0873  -0.0033   0.0337   0.0502   0.0420   0.0165
     4(C )  -0.0311  -0.1172   0.0087   0.0399   0.0860   0.0629   0.0462
     5(C )  -0.0384  -0.1260   0.0113   0.0496   0.0876   0.0686   0.0380
     6(S )   0.5353   0.4905   0.5488   0.0135   0.0448   0.0291   0.0313
     7(O )  -0.3266  -0.3727  -0.2877   0.0389   0.0461   0.0425   0.0072
     8(O )  -0.3313  -0.3761  -0.2878   0.0435   0.0448   0.0442   0.0013
     9(N )  -0.1413  -0.1685  -0.0400   0.1013   0.0271   0.0642  -0.0742
    10(C )   0.0162   0.0127   0.0378   0.0215   0.0035   0.0125  -0.0180
    11(C )  -0.0475  -0.0340  -0.0234   0.0241  -0.0135   0.0053  -0.0375
    12(C )  -0.1657  -0.1978  -0.0869   0.0788   0.0320   0.0554  -0.0468
    13(Si)   0.3902   0.3833   0.4030   0.0128   0.0070   0.0099  -0.0058
    14(C )  -0.1771  -0.1799  -0.1679   0.0091   0.0028   0.0060  -0.0063
    15(C )  -0.1767  -0.1803  -0.1612   0.0155   0.0036   0.0095  -0.0119
    16(C )  -0.1777  -0.1808  -0.1696   0.0080   0.0031   0.0056  -0.0049
    17(C )  -0.0300  -0.0886  -0.0065   0.0235   0.0586   0.0410   0.0351
    18(C )  -0.0364  -0.1023   0.0132   0.0496   0.0659   0.0578   0.0163
    19(H )   0.0383   0.0115   0.0587   0.0204   0.0268   0.0236   0.0064
    20(H )   0.0406  -0.0004   0.0684   0.0278   0.0410   0.0344   0.0131
    21(H )   0.0406   0.0043   0.0668   0.0262   0.0364   0.0313   0.0101
    22(H )   0.0444   0.0072   0.0704   0.0260   0.0372   0.0316   0.0113
    23(H )   0.0500   0.0065   0.0723   0.0223   0.0435   0.0329   0.0212
    24(H )   0.1267   0.1133   0.1562   0.0295   0.0134   0.0215  -0.0161
    25(H )   0.0556   0.0500   0.0838   0.0282   0.0056   0.0169  -0.0226
    26(H )   0.0353   0.0369   0.0707   0.0354  -0.0016   0.0169  -0.0370
    27(H )   0.0358   0.0346   0.0404   0.0046   0.0012   0.0029  -0.0034
    28(H )   0.0329   0.0236   0.0484   0.0156   0.0092   0.0124  -0.0064
    29(H )   0.0335   0.0335   0.0385   0.0049   0.0001   0.0025  -0.0049
    30(H )   0.0361   0.0339   0.0433   0.0072   0.0021   0.0047  -0.0051
    31(H )   0.0349   0.0323   0.0430   0.0081   0.0026   0.0054  -0.0055
    32(H )   0.0326   0.0238   0.0500   0.0174   0.0088   0.0131  -0.0086
    33(H )   0.0337   0.0333   0.0385   0.0049   0.0003   0.0026  -0.0045
    34(H )   0.0327   0.0237   0.0472   0.0145   0.0090   0.0118  -0.0056
    35(H )   0.0342   0.0320   0.0401   0.0059   0.0022   0.0040  -0.0036
    36(H )   0.0498   0.0142   0.0683   0.0185   0.0356   0.0271   0.0171
    37(H )   0.0454   0.0034   0.0732   0.0278   0.0420   0.0349   0.0142
 
 Condensed local electrophilicity/nucleophilicity index (e*eV)
     Atom              Electrophilicity          Nucleophilicity
     1(C )                  0.02773                  0.01126
     2(C )                  0.10340                  0.03879
     3(C )                  0.04883                  0.01846
     4(C )                  0.08362                  0.02181
     5(C )                  0.08516                  0.02716
     6(S )                  0.04355                  0.00737
     7(O )                  0.04481                  0.02127
     8(O )                  0.04356                  0.02383
     9(N )                  0.02638                  0.05546
    10(C )                  0.00344                  0.01179
    11(C )                 -0.01310                  0.01317
    12(C )                  0.03113                  0.04313
    13(Si)                  0.00677                  0.00699
    14(C )                  0.00272                  0.00500
    15(C )                  0.00349                  0.00847
    16(C )                  0.00303                  0.00440
    17(C )                  0.05691                  0.01286
    18(C )                  0.06405                  0.02716
    19(H )                  0.02601                  0.01116
    20(H )                  0.03983                  0.01524
    21(H )                  0.03533                  0.01434
    22(H )                  0.03619                  0.01421
    23(H )                  0.04227                  0.01218
    24(H )                  0.01305                  0.01613
    25(H )                  0.00540                  0.01543
    26(H )                 -0.00158                  0.01936
    27(H )                  0.00118                  0.00253
    28(H )                  0.00896                  0.00853
    29(H )                  0.00005                  0.00270
    30(H )                  0.00208                  0.00396
    31(H )                  0.00250                  0.00445
    32(H )                  0.00853                  0.00951
    33(H )                  0.00033                  0.00266
    34(H )                  0.00872                  0.00795
    35(H )                  0.00216                  0.00321
    36(H )                  0.03462                  0.01012
    37(H )                  0.04080                  0.01522
 
 Condensed local softnesses (Hartree*e) and relative electrophilicity/nucleophilicity (dimensionless)
     Atom         s-          s+          s0        s+/s-       s-/s+
     1(C )      0.0569      0.0790      0.0679      1.3872      0.7209
     2(C )      0.1962      0.2945      0.2453      1.5009      0.6663
     3(C )      0.0934      0.1390      0.1162      1.4892      0.6715
     4(C )      0.1103      0.2381      0.1742      2.1586      0.4633
     5(C )      0.1373      0.2425      0.1899      1.7658      0.5663
     6(S )      0.0373      0.1240      0.0806      3.3259      0.3007
     7(O )      0.1076      0.1276      0.1176      1.1862      0.8430
     8(O )      0.1205      0.1241      0.1223      1.0293      0.9716
     9(N )      0.2805      0.0751      0.1778      0.2679      3.7333
    10(C )      0.0596      0.0098      0.0347      0.1642      6.0884
    11(C )      0.0666     -0.0373      0.0146     -0.5604     -1.7845
    12(C )      0.2182      0.0886      0.1534      0.4063      2.4611
    13(Si)      0.0353      0.0193      0.0273      0.5454      1.8336
    14(C )      0.0253      0.0077      0.0165      0.3061      3.2665
    15(C )      0.0428      0.0099      0.0264      0.2321      4.3082
    16(C )      0.0223      0.0086      0.0154      0.3876      2.5802
    17(C )      0.0650      0.1621      0.1136      2.4921      0.4013
    18(C )      0.1374      0.1824      0.1599      1.3280      0.7530
    19(H )      0.0564      0.0741      0.0653      1.3126      0.7618
    20(H )      0.0771      0.1134      0.0952      1.4717      0.6795
    21(H )      0.0725      0.1006      0.0866      1.3870      0.7210
    22(H )      0.0719      0.1031      0.0875      1.4338      0.6974
    23(H )      0.0616      0.1204      0.0910      1.9544      0.5117
    24(H )      0.0816      0.0372      0.0594      0.4555      2.1956
    25(H )      0.0780      0.0154      0.0467      0.1971      5.0738
    26(H )      0.0979     -0.0045      0.0467     -0.0460    -21.7224
    27(H )      0.0128      0.0034      0.0081      0.2635      3.7948
    28(H )      0.0431      0.0255      0.0343      0.5915      1.6906
    29(H )      0.0136      0.0002      0.0069      0.0114     87.3934
    30(H )      0.0200      0.0059      0.0130      0.2959      3.3795
    31(H )      0.0225      0.0071      0.0148      0.3173      3.1520
    32(H )      0.0481      0.0243      0.0362      0.5048      1.9809
    33(H )      0.0135      0.0010      0.0072      0.0709     14.1134
    34(H )      0.0402      0.0248      0.0325      0.6172      1.6201
    35(H )      0.0162      0.0062      0.0112      0.3799      2.6324
    36(H )      0.0512      0.0986      0.0749      1.9254      0.5194
    37(H )      0.0770      0.1162      0.0966      1.5094      0.6625
 
 E(N):    -1398.526948 Hartree
 E(N+1):  -1398.506949 Hartree
 E(N-1):  -1398.185648 Hartree
 E_HOMO(N):     -0.315087 Hartree,   -8.5740 eV
 E_HOMO(N+1):    0.049953 Hartree,    1.3593 eV
 E_HOMO(N-1):    0.000000 Hartree,    0.0000 eV
 Vertical IP:    0.341300 Hartree,    9.2872 eV
 Vertical EA:   -0.019999 Hartree,   -0.5442 eV
 Mulliken electronegativity:     0.160651 Hartree,    4.3715 eV
 Chemical potential:            -0.160651 Hartree,   -4.3715 eV
 Hardness (=fundamental gap):    0.361298 Hartree,    9.8314 eV
 Softness:    2.767795 Hartree^-1,    0.1017 eV^-1
 Electrophilicity index:    0.035716 Hartree,    0.9719 eV
 Nucleophilicity index:     0.020111 Hartree,    0.5472 eV
