 Note: the E(HOMO) of TCE used for evaluating nucleophilicity index is the value evaluated at B3LYP/6-31G* level
 
 Hirshfeld charges, condensed Fukui functions and condensed dual descriptors
 Units used below are "e" (elementary charge)
     Atom     q(N)    q(N+1)   q(N-1)     f-       f+       f0      CDD
     1(C )  -0.1829  -0.2140  -0.1721   0.0108   0.0311   0.0210   0.0203
     2(Si)   0.4137   0.3832   0.4341   0.0204   0.0304   0.0254   0.0100
     3(O )  -0.2128  -0.2196  -0.0695   0.1433   0.0068   0.0750  -0.1366
     4(N )  -0.0424  -0.0496   0.1558   0.1982   0.0072   0.1027  -0.1910
     5(C )   0.2456   0.2295   0.2828   0.0372   0.0161   0.0267  -0.0211
     6(O )  -0.1196  -0.1190  -0.0984   0.0211  -0.0006   0.0103  -0.0217
     7(C )   0.1073   0.1055   0.1084   0.0011   0.0018   0.0014   0.0008
     8(C )  -0.0910  -0.1083  -0.0842   0.0068   0.0172   0.0120   0.0104
     9(C )  -0.0836  -0.1047  -0.0776   0.0060   0.0212   0.0136   0.0152
    10(C )  -0.0910  -0.1028  -0.0849   0.0061   0.0118   0.0089   0.0057
    11(O )  -0.2985  -0.3271  -0.1658   0.1328   0.0286   0.0807  -0.1042
    12(C )  -0.1848  -0.2250  -0.1763   0.0085   0.0402   0.0244   0.0317
    13(C )  -0.0664  -0.0684  -0.0500   0.0164   0.0020   0.0092  -0.0145
    14(C )  -0.0824  -0.0977  -0.0736   0.0087   0.0154   0.0121   0.0066
    15(C )  -0.0822  -0.1006  -0.0752   0.0070   0.0184   0.0127   0.0113
    16(C )  -0.0820  -0.1068  -0.0678   0.0142   0.0248   0.0195   0.0106
    17(H )   0.0337  -0.0060   0.0412   0.0075   0.0397   0.0236   0.0321
    18(H )   0.0332  -0.0086   0.0591   0.0258   0.0418   0.0338   0.0160
    19(H )   0.0334  -0.0068   0.0475   0.0141   0.0402   0.0272   0.0261
    20(H )   0.1340   0.1158   0.1966   0.0626   0.0183   0.0404  -0.0443
    21(H )   0.0298   0.0043   0.0358   0.0060   0.0254   0.0157   0.0194
    22(H )   0.0326   0.0182   0.0357   0.0031   0.0144   0.0087   0.0113
    23(H )   0.0339   0.0045   0.0560   0.0221   0.0294   0.0258   0.0073
    24(H )   0.0311   0.0025   0.0357   0.0046   0.0286   0.0166   0.0240
    25(H )   0.0345   0.0007   0.0531   0.0185   0.0338   0.0262   0.0153
    26(H )   0.0338   0.0154   0.0390   0.0052   0.0184   0.0118   0.0132
    27(H )   0.0322   0.0213   0.0349   0.0027   0.0110   0.0068   0.0082
    28(H )   0.0312   0.0170   0.0380   0.0068   0.0142   0.0105   0.0074
    29(H )   0.0336   0.0111   0.0544   0.0208   0.0225   0.0216   0.0017
    30(H )   0.0314  -0.0226   0.0364   0.0050   0.0539   0.0295   0.0489
    31(H )   0.0272  -0.0148   0.0352   0.0080   0.0419   0.0250   0.0339
    32(H )   0.0322  -0.0199   0.0587   0.0265   0.0522   0.0393   0.0257
    33(H )   0.0295   0.0140   0.0313   0.0018   0.0155   0.0086   0.0137
    34(H )   0.0253  -0.0012   0.0373   0.0120   0.0265   0.0193   0.0145
    35(H )   0.0245   0.0024   0.0504   0.0259   0.0222   0.0240  -0.0037
    36(H )   0.0281   0.0096   0.0268  -0.0012   0.0184   0.0086   0.0197
    37(H )   0.0240  -0.0028   0.0485   0.0245   0.0268   0.0256   0.0023
    38(H )   0.0248  -0.0039   0.0343   0.0095   0.0287   0.0191   0.0193
    39(H )   0.0263  -0.0098   0.0389   0.0126   0.0361   0.0244   0.0234
    40(H )   0.0259  -0.0090   0.0374   0.0115   0.0349   0.0232   0.0234
    41(H )   0.0265  -0.0064   0.0517   0.0252   0.0329   0.0290   0.0077
 
 Condensed local electrophilicity/nucleophilicity index (e*eV)
     Atom              Electrophilicity          Nucleophilicity
     1(C )                  0.01520                  0.00737
     2(Si)                  0.01487                  0.01392
     3(O )                  0.00330                  0.09769
     4(N )                  0.00353                  0.13513
     5(C )                  0.00789                  0.02536
     6(O )                 -0.00028                  0.01441
     7(C )                  0.00090                  0.00072
     8(C )                  0.00842                  0.00467
     9(C )                  0.01033                  0.00409
    10(C )                  0.00576                  0.00416
    11(O )                  0.01395                  0.09051
    12(C )                  0.01965                  0.00582
    13(C )                  0.00096                  0.01120
    14(C )                  0.00751                  0.00596
    15(C )                  0.00898                  0.00480
    16(C )                  0.01212                  0.00968
    17(H )                  0.01938                  0.00514
    18(H )                  0.02043                  0.01761
    19(H )                  0.01964                  0.00961
    20(H )                  0.00893                  0.04264
    21(H )                  0.01242                  0.00412
    22(H )                  0.00702                  0.00212
    23(H )                  0.01438                  0.01507
    24(H )                  0.01398                  0.00312
    25(H )                  0.01652                  0.01263
    26(H )                  0.00899                  0.00354
    27(H )                  0.00535                  0.00186
    28(H )                  0.00693                  0.00464
    29(H )                  0.01099                  0.01415
    30(H )                  0.02636                  0.00341
    31(H )                  0.02049                  0.00545
    32(H )                  0.02550                  0.01806
    33(H )                  0.00756                  0.00121
    34(H )                  0.01295                  0.00818
    35(H )                  0.01083                  0.01766
    36(H )                  0.00900                 -0.00084
    37(H )                  0.01309                  0.01670
    38(H )                  0.01402                  0.00644
    39(H )                  0.01762                  0.00861
    40(H )                  0.01707                  0.00785
    41(H )                  0.01607                  0.01719
 
 Condensed local softnesses (Hartree*e) and relative electrophilicity/nucleophilicity (dimensionless)
     Atom         s-          s+          s0        s+/s-       s-/s+
     1(C )      0.0253      0.0728      0.0491      2.8799      0.3472
     2(Si)      0.0478      0.0712      0.0595      1.4901      0.6711
     3(O )      0.3355      0.0158      0.1756      0.0472     21.1931
     4(N )      0.4640      0.0169      0.2404      0.0364     27.4723
     5(C )      0.0871      0.0378      0.0624      0.4339      2.3048
     6(O )      0.0495     -0.0014      0.0241     -0.0274    -36.5132
     7(C )      0.0025      0.0043      0.0034      1.7457      0.5728
     8(C )      0.0160      0.0403      0.0282      2.5175      0.3972
     9(C )      0.0140      0.0495      0.0318      3.5283      0.2834
    10(C )      0.0143      0.0276      0.0209      1.9292      0.5184
    11(O )      0.3108      0.0668      0.1888      0.2151      4.6492
    12(C )      0.0200      0.0941      0.0571      4.7090      0.2124
    13(C )      0.0385      0.0046      0.0215      0.1192      8.3898
    14(C )      0.0205      0.0360      0.0282      1.7567      0.5693
    15(C )      0.0165      0.0430      0.0297      2.6091      0.3833
    16(C )      0.0332      0.0580      0.0456      1.7459      0.5728
    17(H )      0.0177      0.0928      0.0552      5.2577      0.1902
    18(H )      0.0605      0.0979      0.0792      1.6182      0.6180
    19(H )      0.0330      0.0941      0.0636      2.8511      0.3507
    20(H )      0.1464      0.0428      0.0946      0.2921      3.4233
    21(H )      0.0141      0.0595      0.0368      4.2097      0.2375
    22(H )      0.0073      0.0336      0.0205      4.6293      0.2160
    23(H )      0.0517      0.0689      0.0603      1.3314      0.7511
    24(H )      0.0107      0.0669      0.0388      6.2399      0.1603
    25(H )      0.0434      0.0791      0.0613      1.8244      0.5481
    26(H )      0.0122      0.0431      0.0276      3.5375      0.2827
    27(H )      0.0064      0.0256      0.0160      4.0235      0.2485
    28(H )      0.0159      0.0332      0.0246      2.0810      0.4805
    29(H )      0.0486      0.0527      0.0506      1.0841      0.9224
    30(H )      0.0117      0.1263      0.0690     10.7889      0.0927
    31(H )      0.0187      0.0982      0.0584      5.2408      0.1908
    32(H )      0.0620      0.1221      0.0921      1.9695      0.5077
    33(H )      0.0042      0.0362      0.0202      8.7025      0.1149
    34(H )      0.0281      0.0621      0.0451      2.2091      0.4527
    35(H )      0.0606      0.0519      0.0563      0.8559      1.1684
    36(H )     -0.0029      0.0431      0.0201    -14.8819     -0.0672
    37(H )      0.0573      0.0627      0.0600      1.0931      0.9148
    38(H )      0.0221      0.0672      0.0447      3.0368      0.3293
    39(H )      0.0296      0.0844      0.0570      2.8535      0.3504
    40(H )      0.0270      0.0818      0.0544      3.0333      0.3297
    41(H )      0.0590      0.0770      0.0680      1.3041      0.7668
 
 E(N):    -1003.221856 Hartree
 E(N+1):  -1003.132102 Hartree
 E(N-1):  -1002.884368 Hartree
 E_HOMO(N):     -0.310148 Hartree,   -8.4396 eV
 E_HOMO(N+1):    0.112300 Hartree,    3.0558 eV
 E_HOMO(N-1):    0.000000 Hartree,    0.0000 eV
 Vertical IP:    0.337488 Hartree,    9.1835 eV
 Vertical EA:   -0.089754 Hartree,   -2.4423 eV
 Mulliken electronegativity:     0.123867 Hartree,    3.3706 eV
 Chemical potential:            -0.123867 Hartree,   -3.3706 eV
 Hardness (=fundamental gap):    0.427242 Hartree,   11.6259 eV
 Softness:    2.340593 Hartree^-1,    0.0860 eV^-1
 Electrophilicity index:    0.017956 Hartree,    0.4886 eV
 Nucleophilicity index:     0.025050 Hartree,    0.6816 eV
