 Note: the E(HOMO) of TCE used for evaluating nucleophilicity index is the value evaluated at B3LYP/6-31G* level
 
 Hirshfeld charges, condensed Fukui functions and condensed dual descriptors
 Units used below are "e" (elementary charge)
     Atom     q(N)    q(N+1)   q(N-1)     f-       f+       f0      CDD
     1(Na)   0.6106  -0.3036   0.6805   0.0699   0.9142   0.4921   0.8443
     2(N )  -0.2911  -0.2748  -0.0558   0.2353  -0.0163   0.1095  -0.2515
     3(C )   0.2243   0.2197   0.2715   0.0472   0.0046   0.0259  -0.0427
     4(O )  -0.1275  -0.1380  -0.0914   0.0361   0.0106   0.0233  -0.0256
     5(C )   0.1055   0.1050   0.1075   0.0019   0.0005   0.0012  -0.0015
     6(C )  -0.0929  -0.0948  -0.0854   0.0075   0.0018   0.0047  -0.0057
     7(C )  -0.0854  -0.0892  -0.0787   0.0067   0.0038   0.0052  -0.0029
     8(C )  -0.0933  -0.0951  -0.0855   0.0078   0.0018   0.0048  -0.0061
     9(O )  -0.3515  -0.3381  -0.2101   0.1414  -0.0135   0.0640  -0.1549
    10(C )   0.2266   0.2217   0.2700   0.0434   0.0049   0.0241  -0.0385
    11(O )  -0.1431  -0.1485  -0.1182   0.0249   0.0054   0.0151  -0.0195
    12(C )   0.1024   0.1018   0.1034   0.0010   0.0006   0.0008  -0.0004
    13(C )  -0.0939  -0.0959  -0.0874   0.0065   0.0020   0.0042  -0.0045
    14(C )  -0.0871  -0.0898  -0.0805   0.0066   0.0026   0.0046  -0.0039
    15(C )  -0.0943  -0.0960  -0.0869   0.0074   0.0016   0.0045  -0.0058
    16(O )  -0.3248  -0.3309  -0.1662   0.1585   0.0061   0.0823  -0.1524
    17(H )   0.0294   0.0256   0.0370   0.0076   0.0038   0.0057  -0.0038
    18(H )   0.0274   0.0311   0.0296   0.0022  -0.0037  -0.0008  -0.0059
    19(H )   0.0294   0.0194   0.0533   0.0238   0.0101   0.0170  -0.0137
    20(H )   0.0321   0.0280   0.0384   0.0062   0.0041   0.0052  -0.0021
    21(H )   0.0295   0.0207   0.0488   0.0192   0.0088   0.0140  -0.0104
    22(H )   0.0310   0.0268   0.0383   0.0072   0.0043   0.0057  -0.0030
    23(H )   0.0271   0.0311   0.0294   0.0022  -0.0039  -0.0008  -0.0062
    24(H )   0.0283   0.0247   0.0369   0.0086   0.0036   0.0061  -0.0050
    25(H )   0.0294   0.0192   0.0532   0.0239   0.0102   0.0170  -0.0137
    26(H )   0.0271   0.0250   0.0342   0.0071   0.0021   0.0046  -0.0050
    27(H )   0.0290   0.0301   0.0306   0.0015  -0.0011   0.0002  -0.0026
    28(H )   0.0275   0.0183   0.0503   0.0228   0.0093   0.0160  -0.0135
    29(H )   0.0296   0.0274   0.0352   0.0056   0.0022   0.0039  -0.0034
    30(H )   0.0281   0.0196   0.0470   0.0189   0.0085   0.0137  -0.0104
    31(H )   0.0284   0.0264   0.0352   0.0069   0.0020   0.0044  -0.0049
    32(H )   0.0287   0.0304   0.0309   0.0022  -0.0017   0.0003  -0.0038
    33(H )   0.0258   0.0246   0.0343   0.0084   0.0012   0.0048  -0.0072
    34(H )   0.0276   0.0181   0.0509   0.0234   0.0095   0.0164  -0.0139
 
 Condensed local electrophilicity/nucleophilicity index (e*eV)
     Atom              Electrophilicity          Nucleophilicity
     1(Na)                  0.94759                  0.10220
     2(N )                 -0.01688                  0.34407
     3(C )                  0.00475                  0.06908
     4(O )                  0.01094                  0.05282
     5(C )                  0.00051                  0.00284
     6(C )                  0.00190                  0.01102
     7(C )                  0.00394                  0.00980
     8(C )                  0.00182                  0.01144
     9(O )                 -0.01396                  0.20684
    10(C )                  0.00510                  0.06345
    11(O )                  0.00556                  0.03638
    12(C )                  0.00064                  0.00147
    13(C )                  0.00204                  0.00946
    14(C )                  0.00274                  0.00963
    15(C )                  0.00170                  0.01084
    16(O )                  0.00632                  0.23184
    17(H )                  0.00389                  0.01108
    18(H )                 -0.00384                  0.00321
    19(H )                  0.01046                  0.03485
    20(H )                  0.00430                  0.00911
    21(H )                  0.00913                  0.02810
    22(H )                  0.00441                  0.01059
    23(H )                 -0.00407                  0.00328
    24(H )                  0.00378                  0.01262
    25(H )                  0.01057                  0.03491
    26(H )                  0.00217                  0.01040
    27(H )                 -0.00112                  0.00226
    28(H )                  0.00961                  0.03333
    29(H )                  0.00223                  0.00819
    30(H )                  0.00881                  0.02767
    31(H )                  0.00205                  0.01003
    32(H )                 -0.00171                  0.00320
    33(H )                  0.00127                  0.01233
    34(H )                  0.00982                  0.03415
 
 Condensed local softnesses (Hartree*e) and relative electrophilicity/nucleophilicity (dimensionless)
     Atom         s-          s+          s0        s+/s-       s-/s+
     1(Na)      0.2233      2.9210      1.5722     13.0827      0.0764
     2(N )      0.7517     -0.0520      0.3498     -0.0692    -14.4497
     3(C )      0.1509      0.0146      0.0828      0.0970     10.3083
     4(O )      0.1154      0.0337      0.0746      0.2923      3.4217
     5(C )      0.0062      0.0016      0.0039      0.2533      3.9480
     6(C )      0.0241      0.0059      0.0150      0.2431      4.1133
     7(C )      0.0214      0.0121      0.0168      0.5668      1.7643
     8(C )      0.0250      0.0056      0.0153      0.2250      4.4440
     9(O )      0.4519     -0.0430      0.2044     -0.0952    -10.5031
    10(C )      0.1386      0.0157      0.0772      0.1133      8.8241
    11(O )      0.0795      0.0171      0.0483      0.2157      4.6370
    12(C )      0.0032      0.0020      0.0026      0.6164      1.6224
    13(C )      0.0207      0.0063      0.0135      0.3037      3.2927
    14(C )      0.0210      0.0085      0.0147      0.4018      2.4886
    15(C )      0.0237      0.0052      0.0145      0.2208      4.5295
    16(O )      0.5065      0.0195      0.2630      0.0385     25.9861
    17(H )      0.0242      0.0120      0.0181      0.4956      2.0176
    18(H )      0.0070     -0.0118     -0.0024     -1.6866     -0.5929
    19(H )      0.0761      0.0322      0.0542      0.4236      2.3606
    20(H )      0.0199      0.0133      0.0166      0.6658      1.5020
    21(H )      0.0614      0.0282      0.0448      0.4587      2.1802
    22(H )      0.0231      0.0136      0.0184      0.5872      1.7029
    23(H )      0.0072     -0.0125     -0.0027     -1.7515     -0.5709
    24(H )      0.0276      0.0116      0.0196      0.4223      2.3677
    25(H )      0.0763      0.0326      0.0544      0.4273      2.3405
    26(H )      0.0227      0.0067      0.0147      0.2946      3.3950
    27(H )      0.0049     -0.0035      0.0007     -0.6990     -1.4306
    28(H )      0.0728      0.0296      0.0512      0.4068      2.4585
    29(H )      0.0179      0.0069      0.0124      0.3850      2.5973
    30(H )      0.0605      0.0272      0.0438      0.4493      2.2258
    31(H )      0.0219      0.0063      0.0141      0.2880      3.4721
    32(H )      0.0070     -0.0053      0.0009     -0.7564     -1.3221
    33(H )      0.0269      0.0039      0.0154      0.1458      6.8594
    34(H )      0.0746      0.0303      0.0524      0.4057      2.4646
 
 E(N):     -909.000080 Hartree
 E(N+1):   -908.998004 Hartree
 E(N-1):   -908.689179 Hartree
 E_HOMO(N):     -0.281452 Hartree,   -7.6587 eV
 E_HOMO(N+1):    0.032528 Hartree,    0.8851 eV
 E_HOMO(N-1):    0.174494 Hartree,    4.7482 eV
 Vertical IP:    0.310901 Hartree,    8.4600 eV
 Vertical EA:   -0.002077 Hartree,   -0.0565 eV
 Mulliken electronegativity:     0.154412 Hartree,    4.2018 eV
 Chemical potential:            -0.154412 Hartree,   -4.2018 eV
 Hardness (=fundamental gap):    0.312977 Hartree,    8.5165 eV
 Softness:    3.195119 Hartree^-1,    0.1174 eV^-1
 Electrophilicity index:    0.038091 Hartree,    1.0365 eV
 Nucleophilicity index:     0.053746 Hartree,    1.4625 eV
