 Note: the E(HOMO) of TCE used for evaluating nucleophilicity index is the value evaluated at B3LYP/6-31G* level
 
 Hirshfeld charges, condensed Fukui functions and condensed dual descriptors
 Units used below are "e" (elementary charge)
     Atom     q(N)    q(N+1)   q(N-1)     f-       f+       f0      CDD
     1(C )  -0.0907  -0.0929  -0.0886   0.0022   0.0021   0.0021  -0.0000
     2(C )   0.1054   0.1048   0.1059   0.0004   0.0006   0.0005   0.0002
     3(C )  -0.0907  -0.0916  -0.0898   0.0009   0.0009   0.0009   0.0000
     4(C )  -0.0853  -0.0874  -0.0831   0.0022   0.0022   0.0022  -0.0000
     5(O )  -0.1424  -0.1476  -0.1367   0.0056   0.0052   0.0054  -0.0004
     6(C )   0.2593   0.2515   0.2631   0.0037   0.0078   0.0058   0.0040
     7(O )  -0.2638  -0.2780  -0.2503   0.0135   0.0142   0.0139   0.0007
     8(N )  -0.0947  -0.1005  -0.0852   0.0095   0.0058   0.0076  -0.0037
     9(C )   0.2550   0.2429   0.2589   0.0039   0.0122   0.0080   0.0083
    10(O )  -0.2689  -0.2824  -0.2587   0.0101   0.0135   0.0118   0.0034
    11(O )  -0.1492  -0.1705  -0.1340   0.0152   0.0213   0.0183   0.0060
    12(C )   0.0410   0.0015   0.0550   0.0140   0.0395   0.0267   0.0255
    13(C )  -0.0136  -0.1213   0.0648   0.0784   0.1077   0.0930   0.0293
    14(C )  -0.0414  -0.1221   0.0121   0.0535   0.0807   0.0671   0.0272
    15(C )  -0.0410  -0.1038   0.1173   0.1583   0.0627   0.1105  -0.0956
    16(C )  -0.0368  -0.1712   0.0484   0.0852   0.1344   0.1098   0.0491
    17(C )  -0.0368  -0.1134   0.0255   0.0623   0.0766   0.0695   0.0143
    18(C )  -0.0350  -0.1002   0.1241   0.1591   0.0652   0.1121  -0.0939
    19(H )   0.0346   0.0264   0.0425   0.0079   0.0082   0.0081   0.0003
    20(H )   0.0304   0.0277   0.0332   0.0028   0.0027   0.0027  -0.0001
    21(H )   0.0338   0.0338   0.0338  -0.0001   0.0000  -0.0000   0.0001
    22(H )   0.0347   0.0264   0.0427   0.0080   0.0083   0.0081   0.0003
    23(H )   0.0339   0.0352   0.0325  -0.0014  -0.0013  -0.0014   0.0002
    24(H )   0.0306   0.0317   0.0294  -0.0012  -0.0010  -0.0011   0.0002
    25(H )   0.0351   0.0276   0.0422   0.0072   0.0074   0.0073   0.0003
    26(H )   0.0320   0.0314   0.0325   0.0005   0.0006   0.0006   0.0001
    27(H )   0.0319   0.0291   0.0348   0.0029   0.0028   0.0028  -0.0001
    28(H )   0.1373   0.1297   0.1444   0.0071   0.0076   0.0073   0.0005
    29(H )   0.0401   0.0105   0.0595   0.0193   0.0296   0.0245   0.0103
    30(H )   0.0432   0.0062   0.0680   0.0249   0.0370   0.0309   0.0121
    31(H )   0.0396  -0.0092   0.0812   0.0416   0.0488   0.0452   0.0073
    32(H )   0.0417  -0.0023   0.1002   0.0585   0.0440   0.0512  -0.0145
    33(H )   0.0424  -0.0228   0.0901   0.0477   0.0651   0.0564   0.0174
    34(H )   0.0439  -0.0038   0.0878   0.0439   0.0478   0.0458   0.0038
    35(H )   0.0440   0.0042   0.0963   0.0524   0.0398   0.0461  -0.0126
 
 Condensed local electrophilicity/nucleophilicity index (e*eV)
     Atom              Electrophilicity          Nucleophilicity
     1(C )                  0.00154                  0.00160
     2(C )                  0.00047                  0.00031
     3(C )                  0.00068                  0.00068
     4(C )                  0.00157                  0.00163
     5(O )                  0.00377                  0.00418
     6(C )                  0.00565                  0.00277
     7(O )                  0.01031                  0.01003
     8(N )                  0.00420                  0.00704
     9(C )                  0.00883                  0.00288
    10(O )                  0.00980                  0.00752
    11(O )                  0.01544                  0.01129
    12(C )                  0.02868                  0.01035
    13(C )                  0.07813                  0.05807
    14(C )                  0.05856                  0.03966
    15(C )                  0.04553                  0.11729
    16(C )                  0.09750                  0.06313
    17(C )                  0.05560                  0.04617
    18(C )                  0.04731                  0.11784
    19(H )                  0.00599                  0.00586
    20(H )                  0.00194                  0.00206
    21(H )                  0.00002                 -0.00004
    22(H )                  0.00599                  0.00590
    23(H )                 -0.00093                 -0.00107
    24(H )                 -0.00073                 -0.00089
    25(H )                  0.00540                  0.00532
    26(H )                  0.00044                  0.00039
    27(H )                  0.00202                  0.00211
    28(H )                  0.00550                  0.00527
    29(H )                  0.02149                  0.01432
    30(H )                  0.02683                  0.01841
    31(H )                  0.03541                  0.03078
    32(H )                  0.03193                  0.04333
    33(H )                  0.04727                  0.03535
    34(H )                  0.03465                  0.03253
    35(H )                  0.02886                  0.03880
 
 Condensed local softnesses (Hartree*e) and relative electrophilicity/nucleophilicity (dimensionless)
     Atom         s-          s+          s0        s+/s-       s-/s+
     1(C )      0.0055      0.0054      0.0054      0.9820      1.0183
     2(C )      0.0011      0.0016      0.0014      1.5371      0.6506
     3(C )      0.0023      0.0024      0.0024      1.0303      0.9706
     4(C )      0.0056      0.0055      0.0055      0.9797      1.0207
     5(O )      0.0143      0.0132      0.0137      0.9216      1.0851
     6(C )      0.0095      0.0197      0.0146      2.0819      0.4803
     7(O )      0.0343      0.0361      0.0352      1.0498      0.9526
     8(N )      0.0241      0.0147      0.0194      0.6095      1.6408
     9(C )      0.0099      0.0309      0.0204      3.1317      0.3193
    10(O )      0.0257      0.0343      0.0300      1.3318      0.7508
    11(O )      0.0387      0.0540      0.0463      1.3962      0.7162
    12(C )      0.0354      0.1002      0.0678      2.8293      0.3534
    13(C )      0.1988      0.2731      0.2360      1.3737      0.7280
    14(C )      0.1358      0.2047      0.1703      1.5075      0.6633
    15(C )      0.4016      0.1592      0.2804      0.3963      2.5231
    16(C )      0.2162      0.3408      0.2785      1.5768      0.6342
    17(C )      0.1581      0.1944      0.1762      1.2294      0.8134
    18(C )      0.4035      0.1654      0.2844      0.4099      2.4398
    19(H )      0.0201      0.0209      0.0205      1.0433      0.9585
    20(H )      0.0071      0.0068      0.0069      0.9588      1.0430
    21(H )     -0.0001      0.0001     -0.0000     -0.5068     -1.9733
    22(H )      0.0202      0.0209      0.0206      1.0360      0.9652
    23(H )     -0.0037     -0.0033     -0.0035      0.8894      1.1244
    24(H )     -0.0030     -0.0025     -0.0028      0.8355      1.1969
    25(H )      0.0182      0.0189      0.0185      1.0368      0.9645
    26(H )      0.0013      0.0015      0.0014      1.1519      0.8681
    27(H )      0.0072      0.0071      0.0072      0.9763      1.0243
    28(H )      0.0180      0.0192      0.0186      1.0656      0.9385
    29(H )      0.0491      0.0751      0.0621      1.5317      0.6529
    30(H )      0.0631      0.0938      0.0784      1.4875      0.6723
    31(H )      0.1054      0.1238      0.1146      1.1746      0.8514
    32(H )      0.1484      0.1116      0.1300      0.7524      1.3291
    33(H )      0.1210      0.1653      0.1432      1.3653      0.7324
    34(H )      0.1114      0.1211      0.1163      1.0876      0.9194
    35(H )      0.1328      0.1009      0.1169      0.7594      1.3168
 
 E(N):     -860.326009 Hartree
 E(N+1):   -860.273912 Hartree
 E(N-1):   -859.983920 Hartree
 E_HOMO(N):     -0.307972 Hartree,   -8.3803 eV
 E_HOMO(N+1):    0.086044 Hartree,    2.3414 eV
 E_HOMO(N-1):    0.000000 Hartree,    0.0000 eV
 Vertical IP:    0.342089 Hartree,    9.3087 eV
 Vertical EA:   -0.052097 Hartree,   -1.4176 eV
 Mulliken electronegativity:     0.144996 Hartree,    3.9455 eV
 Chemical potential:            -0.144996 Hartree,   -3.9455 eV
 Hardness (=fundamental gap):    0.394186 Hartree,   10.7263 eV
 Softness:    2.536875 Hartree^-1,    0.0932 eV^-1
 Electrophilicity index:    0.026667 Hartree,    0.7257 eV
 Nucleophilicity index:     0.027226 Hartree,    0.7409 eV
