 Note: the E(HOMO) of TCE used for evaluating nucleophilicity index is the value evaluated at B3LYP/6-31G* level
 
 Hirshfeld charges, condensed Fukui functions and condensed dual descriptors
 Units used below are "e" (elementary charge)
     Atom     q(N)    q(N+1)   q(N-1)     f-       f+       f0      CDD
     1(O )  -0.3267  -0.3484  -0.2994   0.0274   0.0217   0.0245  -0.0057
     2(S )   0.5314   0.5153   0.5406   0.0092   0.0161   0.0127   0.0069
     3(N )  -0.1286  -0.1434  -0.1100   0.0185   0.0149   0.0167  -0.0037
     4(C )   0.0021   0.0006   0.0250   0.0229   0.0015   0.0122  -0.0213
     5(C )  -0.0050   0.0047   0.1151   0.1201  -0.0096   0.0552  -0.1297
     6(C )  -0.0453  -0.0464   0.0129   0.0582   0.0011   0.0297  -0.0571
     7(C )  -0.0392  -0.0498   0.0357   0.0749   0.0106   0.0427  -0.0643
     8(C )  -0.0392  -0.0544   0.1042   0.1434   0.0152   0.0793  -0.1282
     9(C )  -0.0357  -0.0456   0.0173   0.0530   0.0099   0.0315  -0.0431
    10(C )  -0.0407  -0.0389   0.0356   0.0763  -0.0018   0.0372  -0.0781
    11(C )  -0.0286  -0.0796  -0.0343  -0.0057   0.0510   0.0226   0.0567
    12(C )  -0.0210  -0.0583  -0.0194   0.0016   0.0372   0.0194   0.0357
    13(C )  -0.0144  -0.1049  -0.0037   0.0107   0.0905   0.0506   0.0797
    14(C )  -0.0155  -0.0741   0.0023   0.0178   0.0586   0.0382   0.0409
    15(C )  -0.0233  -0.0678  -0.0118   0.0115   0.0445   0.0280   0.0331
    16(C )   0.0311  -0.0133   0.0322   0.0012   0.0443   0.0227   0.0432
    17(N )   0.2782   0.1882   0.2800   0.0017   0.0901   0.0459   0.0883
    18(O )  -0.1947  -0.3338  -0.2108  -0.0161   0.1391   0.0615   0.1552
    19(O )  -0.1867  -0.3349  -0.1601   0.0266   0.1482   0.0874   0.1216
    20(O )  -0.3174  -0.3570  -0.3018   0.0156   0.0396   0.0276   0.0241
    21(H )   0.1153   0.1116   0.1250   0.0097   0.0037   0.0067  -0.0059
    22(H )   0.0424   0.0376   0.0802   0.0378   0.0048   0.0213  -0.0330
    23(H )   0.0260   0.0259   0.0610   0.0350   0.0001   0.0176  -0.0349
    24(H )   0.0383   0.0374   0.0772   0.0390   0.0009   0.0199  -0.0381
    25(H )   0.0425   0.0331   0.0859   0.0435   0.0094   0.0264  -0.0341
    26(H )   0.0427   0.0313   0.0969   0.0542   0.0114   0.0328  -0.0428
    27(H )   0.0442   0.0353   0.0840   0.0398   0.0089   0.0244  -0.0309
    28(H )   0.0411   0.0420   0.0798   0.0387  -0.0009   0.0189  -0.0396
    29(H )   0.0545   0.0270   0.0562   0.0018   0.0275   0.0146   0.0257
    30(H )   0.0567   0.0111   0.0667   0.0100   0.0456   0.0278   0.0356
    31(H )   0.0570   0.0190   0.0693   0.0123   0.0381   0.0252   0.0257
    32(H )   0.0586   0.0308   0.0681   0.0095   0.0278   0.0186   0.0182
 
 Condensed local electrophilicity/nucleophilicity index (e*eV)
     Atom              Electrophilicity          Nucleophilicity
     1(O )                  0.03306                  0.02193
     2(S )                  0.02459                  0.00737
     3(N )                  0.02269                  0.01486
     4(C )                  0.00234                  0.01834
     5(C )                 -0.01467                  0.09626
     6(C )                  0.00169                  0.04668
     7(C )                  0.01611                  0.06005
     8(C )                  0.02312                  0.11495
     9(C )                  0.01512                  0.04248
    10(C )                 -0.00277                  0.06116
    11(C )                  0.07774                 -0.00460
    12(C )                  0.05678                  0.00128
    13(C )                  0.13791                  0.00860
    14(C )                  0.08937                  0.01424
    15(C )                  0.06787                  0.00919
    16(C )                  0.06758                  0.00092
    17(N )                  0.13730                  0.00140
    18(O )                  0.21207                 -0.01293
    19(O )                  0.22591                  0.02133
    20(O )                  0.06044                  0.01249
    21(H )                  0.00567                  0.00774
    22(H )                  0.00736                  0.03033
    23(H )                  0.00013                  0.02808
    24(H )                  0.00132                  0.03123
    25(H )                  0.01426                  0.03484
    26(H )                  0.01740                  0.04343
    27(H )                  0.01360                  0.03194
    28(H )                 -0.00140                  0.03102
    29(H )                  0.04191                  0.00140
    30(H )                  0.06955                  0.00803
    31(H )                  0.05801                  0.00988
    32(H )                  0.04231                  0.00764
 
 Condensed local softnesses (Hartree*e) and relative electrophilicity/nucleophilicity (dimensionless)
     Atom         s-          s+          s0        s+/s-       s-/s+
     1(O )      0.0899      0.0713      0.0806      0.7927      1.2616
     2(S )      0.0302      0.0530      0.0416      1.7551      0.5698
     3(N )      0.0609      0.0489      0.0549      0.8026      1.2460
     4(C )      0.0752      0.0051      0.0401      0.0672     14.8873
     5(C )      0.3946     -0.0316      0.1815     -0.0802    -12.4760
     6(C )      0.1913      0.0036      0.0975      0.0190     52.5127
     7(C )      0.2462      0.0347      0.1404      0.1411      7.0887
     8(C )      0.4712      0.0498      0.2605      0.1058      9.4559
     9(C )      0.1741      0.0326      0.1034      0.1872      5.3427
    10(C )      0.2507     -0.0060      0.1224     -0.0238    -42.0553
    11(C )     -0.0189      0.1676      0.0744     -8.8845     -0.1126
    12(C )      0.0052      0.1224      0.0638     23.3644      0.0428
    13(C )      0.0352      0.2973      0.1663      8.4364      0.1185
    14(C )      0.0584      0.1926      0.1255      3.2996      0.3031
    15(C )      0.0377      0.1463      0.0920      3.8832      0.2575
    16(C )      0.0038      0.1457      0.0747     38.4239      0.0260
    17(N )      0.0057      0.2959      0.1508     51.5349      0.0194
    18(O )     -0.0530      0.4571      0.2021     -8.6236     -0.1160
    19(O )      0.0874      0.4870      0.2872      5.5685      0.1796
    20(O )      0.0512      0.1303      0.0907      2.5437      0.3931
    21(H )      0.0317      0.0122      0.0220      0.3855      2.5942
    22(H )      0.1243      0.0159      0.0701      0.1276      7.8368
    23(H )      0.1151      0.0003      0.0577      0.0025    397.2669
    24(H )      0.1280      0.0028      0.0654      0.0222     44.9502
    25(H )      0.1428      0.0307      0.0868      0.2152      4.6466
    26(H )      0.1780      0.0375      0.1078      0.2107      4.7471
    27(H )      0.1309      0.0293      0.0801      0.2239      4.4663
    28(H )      0.1272     -0.0030      0.0621     -0.0237    -42.2370
    29(H )      0.0058      0.0903      0.0480     15.6939      0.0637
    30(H )      0.0329      0.1499      0.0914      4.5527      0.2196
    31(H )      0.0405      0.1250      0.0828      3.0876      0.3239
    32(H )      0.0313      0.0912      0.0613      2.9132      0.3433
 
 E(N):    -1309.829484 Hartree
 E(N+1):  -1309.861974 Hartree
 E(N-1):  -1309.492658 Hartree
 E_HOMO(N):     -0.305740 Hartree,   -8.3196 eV
 E_HOMO(N+1):    0.000000 Hartree,    0.0000 eV
 E_HOMO(N-1):    0.000000 Hartree,    0.0000 eV
 Vertical IP:    0.336826 Hartree,    9.1655 eV
 Vertical EA:    0.032490 Hartree,    0.8841 eV
 Mulliken electronegativity:     0.184658 Hartree,    5.0248 eV
 Chemical potential:            -0.184658 Hartree,   -5.0248 eV
 Hardness (=fundamental gap):    0.304336 Hartree,    8.2814 eV
 Softness:    3.285838 Hartree^-1,    0.1208 eV^-1
 Electrophilicity index:    0.056021 Hartree,    1.5244 eV
 Nucleophilicity index:     0.029458 Hartree,    0.8016 eV
