 Note: the E(HOMO) of TCE used for evaluating nucleophilicity index is the value evaluated at B3LYP/6-31G* level
 
 Hirshfeld charges, condensed Fukui functions and condensed dual descriptors
 Units used below are "e" (elementary charge)
     Atom     q(N)    q(N+1)   q(N-1)     f-       f+       f0      CDD
     1(C )  -0.0908  -0.0988  -0.0835   0.0073   0.0079   0.0076   0.0006
     2(C )   0.1079   0.1045   0.1085   0.0007   0.0034   0.0020   0.0027
     3(C )  -0.0908  -0.0988  -0.0835   0.0073   0.0079   0.0076   0.0006
     4(C )  -0.0840  -0.0909  -0.0775   0.0065   0.0069   0.0067   0.0005
     5(O )  -0.1269  -0.1679  -0.1008   0.0261   0.0410   0.0336   0.0149
     6(C )   0.2575   0.1153   0.3001   0.0425   0.1423   0.0924   0.0997
     7(N )  -0.0963  -0.1252   0.1247   0.2210   0.0289   0.1249  -0.1921
     8(C )   0.2575   0.1153   0.3001   0.0425   0.1423   0.0924   0.0997
     9(O )  -0.1269  -0.1679  -0.1008   0.0261   0.0410   0.0336   0.0149
    10(C )   0.1079   0.1045   0.1085   0.0007   0.0034   0.0020   0.0027
    11(C )  -0.0908  -0.0988  -0.0835   0.0073   0.0079   0.0076   0.0006
    12(C )  -0.0840  -0.0909  -0.0775   0.0065   0.0069   0.0067   0.0005
    13(C )  -0.0908  -0.0988  -0.0835   0.0073   0.0079   0.0076   0.0006
    14(O )  -0.2910  -0.4356  -0.1208   0.1702   0.1446   0.1574  -0.0257
    15(O )  -0.2910  -0.4356  -0.1208   0.1702   0.1446   0.1574  -0.0256
    16(H )   0.0346   0.0090   0.0581   0.0235   0.0255   0.0245   0.0020
    17(H )   0.0309   0.0218   0.0393   0.0083   0.0091   0.0087   0.0008
    18(H )   0.0326   0.0262   0.0344   0.0018   0.0063   0.0041   0.0045
    19(H )   0.0346   0.0090   0.0581   0.0235   0.0255   0.0245   0.0020
    20(H )   0.0326   0.0262   0.0344   0.0018   0.0063   0.0041   0.0045
    21(H )   0.0309   0.0218   0.0393   0.0083   0.0091   0.0087   0.0007
    22(H )   0.0342   0.0130   0.0529   0.0188   0.0212   0.0200   0.0024
    23(H )   0.0327   0.0256   0.0391   0.0065   0.0070   0.0067   0.0006
    24(H )   0.0327   0.0257   0.0391   0.0065   0.0070   0.0067   0.0006
    25(H )   0.1412   0.1126   0.2007   0.0595   0.0287   0.0441  -0.0309
    26(H )   0.0309   0.0218   0.0393   0.0083   0.0091   0.0087   0.0007
    27(H )   0.0326   0.0262   0.0344   0.0018   0.0063   0.0041   0.0045
    28(H )   0.0346   0.0090   0.0581   0.0235   0.0255   0.0245   0.0020
    29(H )   0.0327   0.0257   0.0391   0.0065   0.0070   0.0067   0.0006
    30(H )   0.0342   0.0130   0.0529   0.0188   0.0212   0.0200   0.0024
    31(H )   0.0327   0.0256   0.0391   0.0065   0.0070   0.0067   0.0006
    32(H )   0.0326   0.0262   0.0344   0.0018   0.0063   0.0041   0.0045
    33(H )   0.0309   0.0218   0.0393   0.0083   0.0091   0.0087   0.0007
    34(H )   0.0346   0.0090   0.0581   0.0235   0.0255   0.0245   0.0020
 
 Condensed local electrophilicity/nucleophilicity index (e*eV)
     Atom              Electrophilicity          Nucleophilicity
     1(C )                  0.00520                 -0.00175
     2(C )                  0.00223                 -0.00016
     3(C )                  0.00520                 -0.00175
     4(C )                  0.00455                 -0.00155
     5(O )                  0.02690                 -0.00627
     6(C )                  0.09335                 -0.01020
     7(N )                  0.01895                 -0.05301
     8(C )                  0.09334                 -0.01020
     9(O )                  0.02690                 -0.00627
    10(C )                  0.00223                 -0.00016
    11(C )                  0.00520                 -0.00175
    12(C )                  0.00455                 -0.00155
    13(C )                  0.00520                 -0.00175
    14(O )                  0.09487                 -0.04084
    15(O )                  0.09487                 -0.04084
    16(H )                  0.01676                 -0.00564
    17(H )                  0.00596                 -0.00200
    18(H )                  0.00416                 -0.00044
    19(H )                  0.01676                 -0.00564
    20(H )                  0.00416                 -0.00044
    21(H )                  0.00596                 -0.00200
    22(H )                  0.01390                 -0.00450
    23(H )                  0.00461                 -0.00155
    24(H )                  0.00461                 -0.00155
    25(H )                  0.01880                 -0.01428
    26(H )                  0.00596                 -0.00200
    27(H )                  0.00416                 -0.00044
    28(H )                  0.01676                 -0.00564
    29(H )                  0.00461                 -0.00155
    30(H )                  0.01390                 -0.00450
    31(H )                  0.00461                 -0.00155
    32(H )                  0.00416                 -0.00044
    33(H )                  0.00596                 -0.00200
    34(H )                  0.01676                 -0.00564
 
 Condensed local softnesses (Hartree*e) and relative electrophilicity/nucleophilicity (dimensionless)
     Atom         s-          s+          s0        s+/s-       s-/s+
     1(C )      0.0157      0.0171      0.0164      1.0871      0.9198
     2(C )      0.0015      0.0073      0.0044      5.0080      0.1997
     3(C )      0.0157      0.0171      0.0164      1.0869      0.9201
     4(C )      0.0140      0.0150      0.0145      1.0709      0.9338
     5(O )      0.0563      0.0884      0.0724      1.5697      0.6371
     6(C )      0.0918      0.3069      0.1993      3.3453      0.2989
     7(N )      0.4767      0.0623      0.2695      0.1307      7.6502
     8(C )      0.0918      0.3069      0.1993      3.3451      0.2989
     9(O )      0.0563      0.0884      0.0724      1.5696      0.6371
    10(C )      0.0015      0.0073      0.0044      5.0085      0.1997
    11(C )      0.0157      0.0171      0.0164      1.0870      0.9200
    12(C )      0.0140      0.0150      0.0145      1.0709      0.9338
    13(C )      0.0157      0.0171      0.0164      1.0870      0.9200
    14(O )      0.3673      0.3120      0.3396      0.8493      1.1775
    15(O )      0.3673      0.3120      0.3396      0.8494      1.1774
    16(H )      0.0507      0.0551      0.0529      1.0865      0.9204
    17(H )      0.0180      0.0196      0.0188      1.0900      0.9175
    18(H )      0.0040      0.0137      0.0088      3.4388      0.2908
    19(H )      0.0507      0.0551      0.0529      1.0864      0.9204
    20(H )      0.0040      0.0137      0.0088      3.4352      0.2911
    21(H )      0.0180      0.0196      0.0188      1.0899      0.9175
    22(H )      0.0405      0.0457      0.0431      1.1294      0.8854
    23(H )      0.0139      0.0152      0.0146      1.0867      0.9202
    24(H )      0.0139      0.0152      0.0145      1.0866      0.9203
    25(H )      0.1284      0.0618      0.0951      0.4813      2.0777
    26(H )      0.0180      0.0196      0.0188      1.0899      0.9175
    27(H )      0.0040      0.0137      0.0088      3.4373      0.2909
    28(H )      0.0507      0.0551      0.0529      1.0864      0.9204
    29(H )      0.0139      0.0152      0.0145      1.0866      0.9203
    30(H )      0.0405      0.0457      0.0431      1.1294      0.8855
    31(H )      0.0139      0.0152      0.0146      1.0865      0.9204
    32(H )      0.0040      0.0137      0.0088      3.4384      0.2908
    33(H )      0.0180      0.0196      0.0188      1.0898      0.9176
    34(H )      0.0507      0.0551      0.0529      1.0865      0.9204
 
 E(N):     -747.336320 Hartree
 E(N+1):   -747.254074 Hartree
 E(N-1):   -746.955062 Hartree
 E_HOMO(N):     -0.344014 Hartree,   -9.3611 eV
 E_HOMO(N+1):    0.470618 Hartree,   12.8062 eV
 E_HOMO(N-1):    0.470618 Hartree,   12.8062 eV
 Vertical IP:    0.381259 Hartree,   10.3746 eV
 Vertical EA:   -0.082246 Hartree,   -2.2380 eV
 Mulliken electronegativity:     0.149506 Hartree,    4.0683 eV
 Chemical potential:            -0.149506 Hartree,   -4.0683 eV
 Hardness (=fundamental gap):    0.463505 Hartree,   12.6126 eV
 Softness:    2.157475 Hartree^-1,    0.0793 eV^-1
 Electrophilicity index:    0.024112 Hartree,    0.6561 eV
 Nucleophilicity index:    -0.008816 Hartree,   -0.2399 eV
