 Note: the E(HOMO) of TCE used for evaluating nucleophilicity index is the value evaluated at B3LYP/6-31G* level
 
 Hirshfeld charges, condensed Fukui functions and condensed dual descriptors
 Units used below are "e" (elementary charge)
     Atom     q(N)    q(N+1)   q(N-1)     f-       f+       f0      CDD
     1(O )  -0.3188  -0.3537  -0.2823   0.0365   0.0348   0.0357  -0.0017
     2(S )   0.5414   0.5144   0.5563   0.0149   0.0270   0.0209   0.0121
     3(N )  -0.1459  -0.1555  -0.0516   0.0943   0.0096   0.0519  -0.0847
     4(C )   0.0031  -0.0013   0.0335   0.0305   0.0044   0.0174  -0.0261
     5(C )  -0.0528  -0.0510  -0.0282   0.0246  -0.0018   0.0114  -0.0264
     6(C )  -0.0302  -0.0274   0.0638   0.0940  -0.0028   0.0456  -0.0968
     7(C )  -0.0822  -0.0986   0.0662   0.1484   0.0164   0.0824  -0.1320
     8(C )  -0.0130  -0.0875  -0.0014   0.0116   0.0745   0.0431   0.0630
     9(C )  -0.0163  -0.0650  -0.0039   0.0124   0.0488   0.0306   0.0364
    10(C )  -0.0192  -0.0793   0.0014   0.0205   0.0602   0.0403   0.0397
    11(C )   0.0318  -0.0223   0.0672   0.0354   0.0541   0.0448   0.0187
    12(N )   0.2742   0.1934   0.2787   0.0045   0.0808   0.0427   0.0763
    13(O )  -0.2038  -0.3403  -0.1782   0.0256   0.1365   0.0810   0.1109
    14(O )  -0.2047  -0.3420  -0.1782   0.0264   0.1373   0.0819   0.1109
    15(C )  -0.0204  -0.0730  -0.0019   0.0185   0.0526   0.0355   0.0341
    16(C )  -0.0154  -0.0670   0.0005   0.0160   0.0515   0.0338   0.0355
    17(O )  -0.3344  -0.3718  -0.2768   0.0577   0.0374   0.0475  -0.0203
    18(H )   0.1289   0.1124   0.1645   0.0355   0.0166   0.0261  -0.0190
    19(H )   0.0305   0.0192   0.0687   0.0382   0.0112   0.0247  -0.0270
    20(H )   0.0415   0.0274   0.0646   0.0232   0.0141   0.0186  -0.0091
    21(H )   0.0299   0.0344   0.0497   0.0198  -0.0045   0.0076  -0.0243
    22(H )   0.0243   0.0331   0.0518   0.0274  -0.0088   0.0093  -0.0362
    23(H )   0.0386   0.0322   0.0768   0.0382   0.0064   0.0223  -0.0318
    24(H )   0.0363   0.0325   0.0811   0.0448   0.0038   0.0243  -0.0410
    25(H )   0.0401   0.0268   0.0909   0.0509   0.0133   0.0321  -0.0376
    26(H )   0.0583   0.0273   0.0676   0.0092   0.0311   0.0201   0.0218
    27(H )   0.0602   0.0279   0.0757   0.0155   0.0323   0.0239   0.0169
    28(H )   0.0597   0.0292   0.0755   0.0159   0.0304   0.0232   0.0146
    29(H )   0.0582   0.0251   0.0679   0.0097   0.0330   0.0214   0.0234
 
 Condensed local electrophilicity/nucleophilicity index (e*eV)
     Atom              Electrophilicity          Nucleophilicity
     1(O )                  0.05797                  0.00689
     2(S )                  0.04492                  0.00281
     3(N )                  0.01598                  0.01782
     4(C )                  0.00725                  0.00576
     5(C )                 -0.00308                  0.00465
     6(C )                 -0.00474                  0.01776
     7(C )                  0.02733                  0.02804
     8(C )                  0.12409                  0.00219
     9(C )                  0.08116                  0.00234
    10(C )                  0.10018                  0.00388
    11(C )                  0.09006                  0.00669
    12(N )                  0.13451                  0.00085
    13(O )                  0.22718                  0.00484
    14(O )                  0.22855                  0.00499
    15(C )                  0.08750                  0.00350
    16(C )                  0.08578                  0.00302
    17(O )                  0.06218                  0.01090
    18(H )                  0.02759                  0.00672
    19(H )                  0.01869                  0.00722
    20(H )                  0.02339                  0.00438
    21(H )                 -0.00748                  0.00374
    22(H )                 -0.01464                  0.00519
    23(H )                  0.01070                  0.00722
    24(H )                  0.00633                  0.00846
    25(H )                  0.02209                  0.00961
    26(H )                  0.05169                  0.00175
    27(H )                  0.05385                  0.00292
    28(H )                  0.05068                  0.00300
    29(H )                  0.05501                  0.00183
 
 Condensed local softnesses (Hartree*e) and relative electrophilicity/nucleophilicity (dimensionless)
     Atom         s-          s+          s0        s+/s-       s-/s+
     1(O )      0.1125      0.1074      0.1099      0.9545      1.0477
     2(S )      0.0459      0.0832      0.0645      1.8138      0.5513
     3(N )      0.2907      0.0296      0.1601      0.1018      9.8204
     4(C )      0.0939      0.0134      0.0537      0.1430      6.9914
     5(C )      0.0758     -0.0057      0.0351     -0.0752    -13.2993
     6(C )      0.2897     -0.0088      0.1405     -0.0303    -33.0360
     7(C )      0.4576      0.0506      0.2541      0.1106      9.0404
     8(C )      0.0357      0.2298      0.1327      6.4431      0.1552
     9(C )      0.0382      0.1503      0.0943      3.9318      0.2543
    10(C )      0.0633      0.1855      0.1244      2.9324      0.3410
    11(C )      0.1092      0.1668      0.1380      1.5269      0.6549
    12(N )      0.0139      0.2491      0.1315     17.9196      0.0558
    13(O )      0.0790      0.4207      0.2498      5.3279      0.1877
    14(O )      0.0815      0.4233      0.2524      5.1944      0.1925
    15(C )      0.0570      0.1620      0.1095      2.8413      0.3520
    16(C )      0.0493      0.1589      0.1041      3.2246      0.3101
    17(O )      0.1778      0.1152      0.1465      0.6477      1.5440
    18(H )      0.1096      0.0511      0.0803      0.4663      2.1447
    19(H )      0.1179      0.0346      0.0762      0.2937      3.4052
    20(H )      0.0714      0.0433      0.0574      0.6065      1.6489
    21(H )      0.0609     -0.0139      0.0235     -0.2274     -4.3984
    22(H )      0.0846     -0.0271      0.0287     -0.3205     -3.1202
    23(H )      0.1178      0.0198      0.0688      0.1682      5.9456
    24(H )      0.1381      0.0117      0.0749      0.0849     11.7772
    25(H )      0.1568      0.0409      0.0988      0.2609      3.8329
    26(H )      0.0285      0.0957      0.0621      3.3573      0.2979
    27(H )      0.0477      0.0997      0.0737      2.0915      0.4781
    28(H )      0.0489      0.0939      0.0714      1.9192      0.5211
    29(H )      0.0299      0.1019      0.0659      3.4079      0.2934
 
 E(N):    -1195.609130 Hartree
 E(N+1):  -1195.646163 Hartree
 E(N-1):  -1195.247732 Hartree
 E_HOMO(N):     -0.328254 Hartree,   -8.9322 eV
 E_HOMO(N+1):    0.000000 Hartree,    0.0000 eV
 E_HOMO(N-1):    0.000000 Hartree,    0.0000 eV
 Vertical IP:    0.361398 Hartree,    9.8341 eV
 Vertical EA:    0.037033 Hartree,    1.0077 eV
 Mulliken electronegativity:     0.199215 Hartree,    5.4209 eV
 Chemical potential:            -0.199215 Hartree,   -5.4209 eV
 Hardness (=fundamental gap):    0.324364 Hartree,    8.8264 eV
 Softness:    3.082953 Hartree^-1,    0.1133 eV^-1
 Electrophilicity index:    0.061176 Hartree,    1.6647 eV
 Nucleophilicity index:     0.006944 Hartree,    0.1890 eV
