 Note: the E(HOMO) of TCE used for evaluating nucleophilicity index is the value evaluated at B3LYP/6-31G* level
 
 Hirshfeld charges, condensed Fukui functions and condensed dual descriptors
 Units used below are "e" (elementary charge)
     Atom     q(N)    q(N+1)   q(N-1)     f-       f+       f0      CDD
     1(C )  -0.0757  -0.0945  -0.0715   0.0042   0.0189   0.0115   0.0147
     2(C )   0.0177  -0.0491   0.0283   0.0106   0.0668   0.0387   0.0562
     3(C )  -0.0368  -0.0681  -0.0284   0.0084   0.0313   0.0199   0.0229
     4(C )  -0.0310  -0.0903  -0.0282   0.0028   0.0592   0.0310   0.0564
     5(C )  -0.0384  -0.0882  -0.0441  -0.0057   0.0497   0.0220   0.0554
     6(S )   0.5356   0.5078   0.5419   0.0063   0.0278   0.0170   0.0215
     7(O )  -0.3259  -0.3570  -0.3123   0.0136   0.0311   0.0224   0.0175
     8(O )  -0.3310  -0.3642  -0.3086   0.0223   0.0332   0.0278   0.0109
     9(N )  -0.1429  -0.1578  -0.1364   0.0065   0.0150   0.0107   0.0085
    10(C )   0.0162   0.0064   0.0404   0.0241   0.0098   0.0170  -0.0143
    11(C )  -0.0555  -0.0916   0.0918   0.1473   0.0361   0.0917  -0.1112
    12(C )  -0.0547  -0.0881   0.0268   0.0815   0.0335   0.0575  -0.0481
    13(C )   0.0046  -0.0280   0.0721   0.0675   0.0326   0.0501  -0.0348
    14(C )  -0.0303  -0.0591   0.0270   0.0573   0.0288   0.0431  -0.0285
    15(C )  -0.0358  -0.0642   0.0109   0.0467   0.0283   0.0375  -0.0184
    16(C )  -0.0343  -0.0901   0.0746   0.1090   0.0557   0.0823  -0.0532
    17(C )  -0.0364  -0.0649   0.0105   0.0469   0.0285   0.0377  -0.0183
    18(C )  -0.0312  -0.0604   0.0260   0.0572   0.0293   0.0432  -0.0279
    19(C )  -0.0299  -0.0606  -0.0327  -0.0028   0.0308   0.0140   0.0336
    20(C )  -0.0363  -0.0842  -0.0285   0.0078   0.0479   0.0279   0.0401
    21(H )   0.0381   0.0203   0.0437   0.0056   0.0179   0.0117   0.0123
    22(H )   0.0400   0.0161   0.0442   0.0042   0.0239   0.0141   0.0197
    23(H )   0.0417   0.0143   0.0498   0.0081   0.0274   0.0177   0.0192
    24(H )   0.0446   0.0201   0.0528   0.0082   0.0245   0.0163   0.0163
    25(H )   0.0502   0.0211   0.0534   0.0032   0.0291   0.0161   0.0258
    26(H )   0.1255   0.1165   0.1321   0.0066   0.0089   0.0078   0.0023
    27(H )   0.0554   0.0404   0.0909   0.0356   0.0150   0.0253  -0.0206
    28(H )   0.0345   0.0255   0.0698   0.0353   0.0090   0.0221  -0.0262
    29(H )   0.0466   0.0309   0.0778   0.0312   0.0158   0.0235  -0.0154
    30(H )   0.0452   0.0252   0.0790   0.0339   0.0199   0.0269  -0.0139
    31(H )   0.0443   0.0161   0.0888   0.0444   0.0282   0.0363  -0.0162
    32(H )   0.0447   0.0246   0.0787   0.0340   0.0201   0.0270  -0.0139
    33(H )   0.0454   0.0289   0.0766   0.0312   0.0165   0.0238  -0.0147
    34(H )   0.0499   0.0297   0.0496  -0.0003   0.0201   0.0099   0.0204
    35(H )   0.0456   0.0163   0.0529   0.0074   0.0293   0.0183   0.0219
 
 Condensed local electrophilicity/nucleophilicity index (e*eV)
     Atom              Electrophilicity          Nucleophilicity
     1(C )                  0.01784                  0.00523
     2(C )                  0.06321                  0.01338
     3(C )                  0.02962                  0.01057
     4(C )                  0.05603                  0.00357
     5(C )                  0.04704                 -0.00715
     6(S )                  0.02626                  0.00789
     7(O )                  0.02944                  0.01712
     8(O )                  0.03143                  0.02813
     9(N )                  0.01414                  0.00818
    10(C )                  0.00931                  0.03038
    11(C )                  0.03417                  0.18545
    12(C )                  0.03165                  0.10262
    13(C )                  0.03088                  0.08493
    14(C )                  0.02727                  0.07215
    15(C )                  0.02681                  0.05879
    16(C )                  0.05272                  0.13718
    17(C )                  0.02700                  0.05904
    18(C )                  0.02770                  0.07199
    19(C )                  0.02909                 -0.00355
    20(C )                  0.04533                  0.00984
    21(H )                  0.01690                  0.00702
    22(H )                  0.02263                  0.00533
    23(H )                  0.02589                  0.01022
    24(H )                  0.02314                  0.01032
    25(H )                  0.02748                  0.00404
    26(H )                  0.00846                  0.00832
    27(H )                  0.01418                  0.04478
    28(H )                  0.00854                  0.04441
    29(H )                  0.01491                  0.03924
    30(H )                  0.01886                  0.04266
    31(H )                  0.02669                  0.05595
    32(H )                  0.01902                  0.04277
    33(H )                  0.01558                  0.03928
    34(H )                  0.01905                 -0.00038
    35(H )                  0.02769                  0.00927
 
 Condensed local softnesses (Hartree*e) and relative electrophilicity/nucleophilicity (dimensionless)
     Atom         s-          s+          s0        s+/s-       s-/s+
     1(C )      0.0124      0.0564      0.0344      4.5441      0.2201
     2(C )      0.0318      0.1998      0.1158      6.2898      0.1590
     3(C )      0.0251      0.0936      0.0594      3.7298      0.2681
     4(C )      0.0085      0.1771      0.0928     20.8946      0.0479
     5(C )     -0.0170      0.1487      0.0659     -8.7535     -0.1142
     6(S )      0.0187      0.0830      0.0509      4.4306      0.2257
     7(O )      0.0407      0.0931      0.0669      2.2885      0.4370
     8(O )      0.0668      0.0994      0.0831      1.4870      0.6725
     9(N )      0.0194      0.0447      0.0321      2.3009      0.4346
    10(C )      0.0722      0.0294      0.0508      0.4079      2.4518
    11(C )      0.4405      0.1080      0.2743      0.2452      4.0785
    12(C )      0.2438      0.1000      0.1719      0.4104      2.4366
    13(C )      0.2017      0.0976      0.1497      0.4839      2.0664
    14(C )      0.1714      0.0862      0.1288      0.5031      1.9878
    15(C )      0.1397      0.0847      0.1122      0.6068      1.6480
    16(C )      0.3258      0.1667      0.2463      0.5115      1.9549
    17(C )      0.1402      0.0854      0.1128      0.6087      1.6427
    18(C )      0.1710      0.0876      0.1293      0.5122      1.9524
    19(C )     -0.0084      0.0920      0.0418    -10.9073     -0.0917
    20(C )      0.0234      0.1433      0.0833      6.1330      0.1631
    21(H )      0.0167      0.0534      0.0351      3.2061      0.3119
    22(H )      0.0127      0.0715      0.0421      5.6463      0.1771
    23(H )      0.0243      0.0818      0.0531      3.3703      0.2967
    24(H )      0.0245      0.0732      0.0488      2.9835      0.3352
    25(H )      0.0096      0.0869      0.0482      9.0458      0.1105
    26(H )      0.0198      0.0267      0.0233      1.3526      0.7393
    27(H )      0.1064      0.0448      0.0756      0.4215      2.3726
    28(H )      0.1055      0.0270      0.0662      0.2558      3.9092
    29(H )      0.0932      0.0471      0.0702      0.5057      1.9773
    30(H )      0.1013      0.0596      0.0805      0.5884      1.6996
    31(H )      0.1329      0.0844      0.1086      0.6350      1.5748
    32(H )      0.1016      0.0601      0.0808      0.5917      1.6900
    33(H )      0.0933      0.0493      0.0713      0.5279      1.8942
    34(H )     -0.0009      0.0602      0.0297    -66.8956     -0.0149
    35(H )      0.0220      0.0875      0.0548      3.9756      0.2515
 
 E(N):    -1220.897104 Hartree
 E(N+1):  -1220.882387 Hartree
 E(N-1):  -1220.577427 Hartree
 E_HOMO(N):     -0.288931 Hartree,   -7.8622 eV
 E_HOMO(N+1):    0.040191 Hartree,    1.0937 eV
 E_HOMO(N-1):    0.000000 Hartree,    0.0000 eV
 Vertical IP:    0.319677 Hartree,    8.6989 eV
 Vertical EA:   -0.014717 Hartree,   -0.4005 eV
 Mulliken electronegativity:     0.152480 Hartree,    4.1492 eV
 Chemical potential:            -0.152480 Hartree,   -4.1492 eV
 Hardness (=fundamental gap):    0.334394 Hartree,    9.0993 eV
 Softness:    2.990481 Hartree^-1,    0.1099 eV^-1
 Electrophilicity index:    0.034765 Hartree,    0.9460 eV
 Nucleophilicity index:     0.046267 Hartree,    1.2590 eV
