 Note: the E(HOMO) of TCE used for evaluating nucleophilicity index is the value evaluated at B3LYP/6-31G* level
 
 Hirshfeld charges, condensed Fukui functions and condensed dual descriptors
 Units used below are "e" (elementary charge)
     Atom     q(N)    q(N+1)   q(N-1)     f-       f+       f0      CDD
     1(C )  -0.0798  -0.0821  -0.0743   0.0055   0.0023   0.0039  -0.0032
     2(C )  -0.0425  -0.0446  -0.0374   0.0051   0.0022   0.0036  -0.0029
     3(C )  -0.0395  -0.0405  -0.0325   0.0070   0.0010   0.0040  -0.0059
     4(C )  -0.0266  -0.0307  -0.0147   0.0119   0.0041   0.0080  -0.0078
     5(C )  -0.0525  -0.0810   0.0267   0.0792   0.0285   0.0538  -0.0506
     6(C )  -0.0749  -0.0623  -0.0434   0.0315  -0.0126   0.0095  -0.0441
     7(C )   0.0139   0.0098   0.0375   0.0236   0.0041   0.0138  -0.0195
     8(N )  -0.1517  -0.1654  -0.0643   0.0874   0.0138   0.0506  -0.0736
     9(S )   0.5371   0.4877   0.5539   0.0168   0.0494   0.0331   0.0326
    10(O )  -0.3394  -0.3872  -0.2818   0.0577   0.0478   0.0527  -0.0098
    11(O )  -0.3324  -0.3787  -0.2783   0.0541   0.0464   0.0502  -0.0077
    12(C )  -0.0336  -0.1216   0.0135   0.0471   0.0879   0.0675   0.0409
    13(C )  -0.0237  -0.0984   0.0119   0.0356   0.0746   0.0551   0.0390
    14(C )  -0.0355  -0.0893  -0.0064   0.0292   0.0537   0.0415   0.0246
    15(C )   0.0183  -0.0902   0.0858   0.0674   0.1086   0.0880   0.0411
    16(C )  -0.0758  -0.1042  -0.0560   0.0198   0.0284   0.0241   0.0087
    17(C )  -0.0385  -0.0995   0.0173   0.0557   0.0610   0.0584   0.0053
    18(C )  -0.0284  -0.1002  -0.0056   0.0228   0.0717   0.0473   0.0489
    19(H )   0.0303   0.0237   0.0414   0.0111   0.0066   0.0089  -0.0045
    20(H )   0.0281   0.0263   0.0324   0.0043   0.0018   0.0031  -0.0025
    21(H )   0.0282   0.0279   0.0314   0.0033   0.0002   0.0017  -0.0030
    22(H )   0.0253   0.0209   0.0322   0.0069   0.0045   0.0057  -0.0024
    23(H )   0.0253   0.0222   0.0311   0.0059   0.0030   0.0044  -0.0028
    24(H )   0.0283   0.0306   0.0311   0.0029  -0.0023   0.0003  -0.0052
    25(H )   0.0279   0.0270   0.0330   0.0051   0.0009   0.0030  -0.0042
    26(H )   0.0431   0.0338   0.0626   0.0195   0.0093   0.0144  -0.0103
    27(H )   0.0436   0.0365   0.0588   0.0152   0.0071   0.0111  -0.0082
    28(H )   0.0456   0.0491   0.0730   0.0274  -0.0035   0.0119  -0.0309
    29(H )   0.0425   0.0317   0.0858   0.0434   0.0108   0.0271  -0.0326
    30(H )   0.1255   0.1000   0.1586   0.0331   0.0256   0.0293  -0.0076
    31(H )   0.0534   0.0123   0.0729   0.0195   0.0411   0.0303   0.0216
    32(H )   0.0452   0.0066   0.0699   0.0248   0.0386   0.0317   0.0138
    33(H )   0.0392   0.0054   0.0627   0.0235   0.0338   0.0286   0.0103
    34(H )   0.0381   0.0103   0.0572   0.0192   0.0277   0.0235   0.0086
    35(H )   0.0416  -0.0007   0.0716   0.0300   0.0424   0.0362   0.0124
    36(H )   0.0439   0.0034   0.0731   0.0292   0.0405   0.0349   0.0113
    37(H )   0.0504   0.0115   0.0690   0.0186   0.0389   0.0288   0.0202
 
 Condensed local electrophilicity/nucleophilicity index (e*eV)
     Atom              Electrophilicity          Nucleophilicity
     1(C )                  0.00218                  0.00334
     2(C )                  0.00206                  0.00310
     3(C )                  0.00099                  0.00426
     4(C )                  0.00384                  0.00722
     5(C )                  0.02682                  0.04824
     6(C )                 -0.01183                  0.01922
     7(C )                  0.00385                  0.01438
     8(N )                  0.01297                  0.05324
     9(S )                  0.04646                  0.01023
    10(O )                  0.04496                  0.03514
    11(O )                  0.04358                  0.03297
    12(C )                  0.08267                  0.02869
    13(C )                  0.07013                  0.02170
    14(C )                  0.05052                  0.01778
    15(C )                  0.10205                  0.04110
    16(C )                  0.02673                  0.01205
    17(C )                  0.05736                  0.03397
    18(C )                  0.06742                  0.01389
    19(H )                  0.00623                  0.00676
    20(H )                  0.00169                  0.00264
    21(H )                  0.00022                  0.00198
    22(H )                  0.00420                  0.00420
    23(H )                  0.00285                  0.00357
    24(H )                 -0.00218                  0.00174
    25(H )                  0.00088                  0.00313
    26(H )                  0.00871                  0.01190
    27(H )                  0.00663                  0.00928
    28(H )                 -0.00331                  0.01669
    29(H )                  0.01013                  0.02643
    30(H )                  0.02403                  0.02018
    31(H )                  0.03866                  0.01188
    32(H )                  0.03625                  0.01509
    33(H )                  0.03176                  0.01432
    34(H )                  0.02608                  0.01169
    35(H )                  0.03982                  0.01826
    36(H )                  0.03811                  0.01779
    37(H )                  0.03653                  0.01136
 
 Condensed local softnesses (Hartree*e) and relative electrophilicity/nucleophilicity (dimensionless)
     Atom         s-          s+          s0        s+/s-       s-/s+
     1(C )      0.0151      0.0064      0.0107      0.4241      2.3578
     2(C )      0.0140      0.0060      0.0100      0.4304      2.3235
     3(C )      0.0193      0.0029      0.0111      0.1499      6.6699
     4(C )      0.0326      0.0113      0.0219      0.3449      2.8994
     5(C )      0.2179      0.0785      0.1482      0.3605      2.7743
     6(C )      0.0868     -0.0346      0.0261     -0.3990     -2.5063
     7(C )      0.0650      0.0113      0.0381      0.1734      5.7662
     8(N )      0.2405      0.0380      0.1392      0.1579      6.3327
     9(S )      0.0462      0.1360      0.0911      2.9426      0.3398
    10(O )      0.1587      0.1317      0.1452      0.8295      1.2055
    11(O )      0.1489      0.1276      0.1383      0.8571      1.1668
    12(C )      0.1296      0.2421      0.1858      1.8677      0.5354
    13(C )      0.0980      0.2054      0.1517      2.0948      0.4774
    14(C )      0.0803      0.1479      0.1141      1.8423      0.5428
    15(C )      0.1856      0.2988      0.2422      1.6099      0.6212
    16(C )      0.0544      0.0783      0.0664      1.4377      0.6956
    17(C )      0.1534      0.1680      0.1607      1.0948      0.9134
    18(C )      0.0628      0.1974      0.1301      3.1461      0.3178
    19(H )      0.0305      0.0182      0.0244      0.5972      1.6746
    20(H )      0.0119      0.0049      0.0084      0.4154      2.4071
    21(H )      0.0089      0.0006      0.0048      0.0708     14.1175
    22(H )      0.0190      0.0123      0.0156      0.6482      1.5428
    23(H )      0.0161      0.0084      0.0122      0.5177      1.9318
    24(H )      0.0078     -0.0064      0.0007     -0.8138     -1.2289
    25(H )      0.0141      0.0026      0.0083      0.1820      5.4948
    26(H )      0.0538      0.0255      0.0396      0.4742      2.1088
    27(H )      0.0419      0.0194      0.0307      0.4629      2.1602
    28(H )      0.0754     -0.0097      0.0328     -0.1287     -7.7676
    29(H )      0.1194      0.0296      0.0745      0.2483      4.0271
    30(H )      0.0912      0.0704      0.0808      0.7719      1.2954
    31(H )      0.0537      0.1132      0.0834      2.1090      0.4742
    32(H )      0.0681      0.1062      0.0872      1.5577      0.6420
    33(H )      0.0647      0.0930      0.0788      1.4382      0.6953
    34(H )      0.0528      0.0764      0.0646      1.4469      0.6911
    35(H )      0.0825      0.1166      0.0995      1.4138      0.7073
    36(H )      0.0804      0.1116      0.0960      1.3884      0.7202
    37(H )      0.0513      0.1070      0.0791      2.0841      0.4798
 
 E(N):    -1147.160444 Hartree
 E(N+1):  -1147.137230 Hartree
 E(N-1):  -1146.820372 Hartree
 E_HOMO(N):     -0.312802 Hartree,   -8.5118 eV
 E_HOMO(N+1):    0.053589 Hartree,    1.4582 eV
 E_HOMO(N-1):    0.000000 Hartree,    0.0000 eV
 Vertical IP:    0.340072 Hartree,    9.2538 eV
 Vertical EA:   -0.023214 Hartree,   -0.6317 eV
 Mulliken electronegativity:     0.158429 Hartree,    4.3111 eV
 Chemical potential:            -0.158429 Hartree,   -4.3111 eV
 Hardness (=fundamental gap):    0.363286 Hartree,    9.8855 eV
 Softness:    2.752651 Hartree^-1,    0.1012 eV^-1
 Electrophilicity index:    0.034545 Hartree,    0.9400 eV
 Nucleophilicity index:     0.022396 Hartree,    0.6094 eV
