 Note: the E(HOMO) of TCE used for evaluating nucleophilicity index is the value evaluated at B3LYP/6-31G* level
 
 Hirshfeld charges, condensed Fukui functions and condensed dual descriptors
 Units used below are "e" (elementary charge)
     Atom     q(N)    q(N+1)   q(N-1)     f-       f+       f0      CDD
     1(O )  -0.3338  -0.3779  -0.2994   0.0344   0.0441   0.0393   0.0097
     2(S )   0.5345   0.4905   0.5459   0.0114   0.0440   0.0277   0.0326
     3(N )  -0.1370  -0.1622  -0.0732   0.0638   0.0252   0.0445  -0.0386
     4(C )  -0.0010  -0.0028   0.0202   0.0211   0.0018   0.0115  -0.0193
     5(C )  -0.0048   0.0030   0.0600   0.0648  -0.0077   0.0285  -0.0725
     6(C )  -0.0455  -0.0495  -0.0107   0.0348   0.0040   0.0194  -0.0308
     7(C )  -0.0398  -0.0529   0.0158   0.0557   0.0131   0.0344  -0.0425
     8(C )  -0.0401  -0.0579   0.0529   0.0930   0.0178   0.0554  -0.0752
     9(C )  -0.0368  -0.0516  -0.0007   0.0360   0.0148   0.0254  -0.0213
    10(C )  -0.0417  -0.0437   0.0100   0.0518   0.0020   0.0269  -0.0497
    11(C )  -0.0378  -0.1261  -0.0169   0.0209   0.0883   0.0546   0.0674
    12(C )  -0.0314  -0.1158  -0.0093   0.0221   0.0844   0.0532   0.0623
    13(C )  -0.0375  -0.0883  -0.0154   0.0221   0.0508   0.0365   0.0287
    14(C )   0.0170  -0.0890   0.0583   0.0413   0.1060   0.0736   0.0647
    15(C )  -0.0758  -0.1042  -0.0631   0.0127   0.0284   0.0206   0.0157
    16(C )  -0.0368  -0.1012  -0.0085   0.0282   0.0645   0.0463   0.0362
    17(C )  -0.0294  -0.0881  -0.0193   0.0101   0.0586   0.0344   0.0485
    18(O )  -0.3277  -0.3733  -0.3001   0.0276   0.0456   0.0366   0.0180
    19(H )   0.1239   0.1111   0.1455   0.0215   0.0128   0.0172  -0.0087
    20(H )   0.0431   0.0387   0.0769   0.0339   0.0044   0.0191  -0.0295
    21(H )   0.0224   0.0241   0.0579   0.0355  -0.0017   0.0169  -0.0373
    22(H )   0.0385   0.0375   0.0635   0.0250   0.0010   0.0130  -0.0240
    23(H )   0.0423   0.0317   0.0749   0.0326   0.0106   0.0216  -0.0219
    24(H )   0.0423   0.0293   0.0815   0.0391   0.0130   0.0261  -0.0261
    25(H )   0.0436   0.0321   0.0731   0.0295   0.0115   0.0205  -0.0181
    26(H )   0.0413   0.0393   0.0661   0.0248   0.0020   0.0134  -0.0228
    27(H )   0.0498   0.0070   0.0633   0.0134   0.0429   0.0281   0.0294
    28(H )   0.0442   0.0070   0.0624   0.0182   0.0372   0.0277   0.0190
    29(H )   0.0381   0.0118   0.0517   0.0136   0.0263   0.0200   0.0127
    30(H )   0.0401   0.0000   0.0563   0.0162   0.0401   0.0281   0.0239
    31(H )   0.0408   0.0034   0.0587   0.0179   0.0374   0.0276   0.0195
    32(H )   0.0451   0.0037   0.0632   0.0181   0.0414   0.0298   0.0233
    33(H )   0.0500   0.0145   0.0589   0.0088   0.0356   0.0222   0.0267
 
 Condensed local electrophilicity/nucleophilicity index (e*eV)
     Atom              Electrophilicity          Nucleophilicity
     1(O )                  0.04109                  0.02919
     2(S )                  0.04097                  0.00964
     3(N )                  0.02348                  0.05411
     4(C )                  0.00172                  0.01791
     5(C )                 -0.00721                  0.05495
     6(C )                  0.00372                  0.02949
     7(C )                  0.01223                  0.04719
     8(C )                  0.01656                  0.07883
     9(C )                  0.01379                  0.03056
    10(C )                  0.00189                  0.04388
    11(C )                  0.08230                  0.01773
    12(C )                  0.07863                  0.01874
    13(C )                  0.04733                  0.01876
    14(C )                  0.09876                  0.03502
    15(C )                  0.02648                  0.01076
    16(C )                  0.06007                  0.02393
    17(C )                  0.05465                  0.00857
    18(O )                  0.04250                  0.02339
    19(H )                  0.01196                  0.01823
    20(H )                  0.00410                  0.02870
    21(H )                 -0.00163                  0.03011
    22(H )                  0.00092                  0.02116
    23(H )                  0.00991                  0.02761
    24(H )                  0.01212                  0.03319
    25(H )                  0.01069                  0.02504
    26(H )                  0.00191                  0.02104
    27(H )                  0.03994                  0.01139
    28(H )                  0.03469                  0.01543
    29(H )                  0.02452                  0.01155
    30(H )                  0.03734                  0.01374
    31(H )                  0.03484                  0.01518
    32(H )                  0.03861                  0.01536
    33(H )                  0.03314                  0.00748
 
 Condensed local softnesses (Hartree*e) and relative electrophilicity/nucleophilicity (dimensionless)
     Atom         s-          s+          s0        s+/s-       s-/s+
     1(O )      0.0973      0.1246      0.1110      1.2806      0.7809
     2(S )      0.0321      0.1243      0.0782      3.8676      0.2586
     3(N )      0.1804      0.0712      0.1258      0.3949      2.5325
     4(C )      0.0597      0.0052      0.0325      0.0874     11.4358
     5(C )      0.1832     -0.0219      0.0807     -0.1194     -8.3771
     6(C )      0.0983      0.0113      0.0548      0.1148      8.7145
     7(C )      0.1573      0.0371      0.0972      0.2358      4.2415
     8(C )      0.2629      0.0502      0.1565      0.1911      5.2327
     9(C )      0.1019      0.0418      0.0719      0.4104      2.4367
    10(C )      0.1463      0.0057      0.0760      0.0392     25.4816
    11(C )      0.0591      0.2496      0.1544      4.2228      0.2368
    12(C )      0.0625      0.2385      0.1505      3.8163      0.2620
    13(C )      0.0626      0.1436      0.1031      2.2954      0.4357
    14(C )      0.1168      0.2996      0.2082      2.5659      0.3897
    15(C )      0.0359      0.0803      0.0581      2.2393      0.4466
    16(C )      0.0798      0.1822      0.1310      2.2839      0.4378
    17(C )      0.0286      0.1658      0.0972      5.8006      0.1724
    18(O )      0.0780      0.1289      0.1034      1.6532      0.6049
    19(H )      0.0608      0.0363      0.0485      0.5969      1.6754
    20(H )      0.0957      0.0124      0.0541      0.1298      7.7026
    21(H )      0.1004     -0.0049      0.0477     -0.0491    -20.3549
    22(H )      0.0706      0.0028      0.0367      0.0394     25.4126
    23(H )      0.0921      0.0301      0.0611      0.3266      3.0615
    24(H )      0.1107      0.0368      0.0737      0.3321      3.0109
    25(H )      0.0835      0.0324      0.0580      0.3884      2.5748
    26(H )      0.0701      0.0058      0.0380      0.0824     12.1322
    27(H )      0.0380      0.1211      0.0796      3.1899      0.3135
    28(H )      0.0515      0.1052      0.0783      2.0453      0.4889
    29(H )      0.0385      0.0744      0.0564      1.9316      0.5177
    30(H )      0.0458      0.1133      0.0795      2.4725      0.4045
    31(H )      0.0506      0.1057      0.0782      2.0871      0.4791
    32(H )      0.0512      0.1171      0.0842      2.2862      0.4374
    33(H )      0.0249      0.1005      0.0627      4.0304      0.2481
 
 E(N):    -1144.833242 Hartree
 E(N+1):  -1144.812049 Hartree
 E(N-1):  -1144.500733 Hartree
 E_HOMO(N):     -0.304038 Hartree,   -8.2733 eV
 E_HOMO(N+1):    0.050985 Hartree,    1.3874 eV
 E_HOMO(N-1):    0.000000 Hartree,    0.0000 eV
 Vertical IP:    0.332509 Hartree,    9.0480 eV
 Vertical EA:   -0.021193 Hartree,   -0.5767 eV
 Mulliken electronegativity:     0.155658 Hartree,    4.2357 eV
 Chemical potential:            -0.155658 Hartree,   -4.2357 eV
 Hardness (=fundamental gap):    0.353702 Hartree,    9.6247 eV
 Softness:    2.827239 Hartree^-1,    0.1039 eV^-1
 Electrophilicity index:    0.034251 Hartree,    0.9320 eV
 Nucleophilicity index:     0.031160 Hartree,    0.8479 eV
