 Note: the E(HOMO) of TCE used for evaluating nucleophilicity index is the value evaluated at B3LYP/6-31G* level
 
 Hirshfeld charges, condensed Fukui functions and condensed dual descriptors
 Units used below are "e" (elementary charge)
     Atom     q(N)    q(N+1)   q(N-1)     f-       f+       f0      CDD
     1(O )  -0.2913  -0.3138  -0.2745   0.0168   0.0225   0.0196   0.0057
     2(C )   0.2577   0.2495   0.2607   0.0030   0.0083   0.0056   0.0053
     3(N )  -0.0912  -0.0983  -0.0831   0.0081   0.0071   0.0076  -0.0010
     4(C )   0.2576   0.2482   0.2614   0.0038   0.0094   0.0066   0.0056
     5(O )  -0.2676  -0.2762  -0.2691  -0.0016   0.0087   0.0035   0.0103
     6(O )  -0.1437  -0.1613  -0.1322   0.0115   0.0177   0.0146   0.0062
     7(C )   0.0423   0.0130   0.0494   0.0071   0.0293   0.0182   0.0223
     8(C )  -0.0138  -0.0920   0.0128   0.0266   0.0782   0.0524   0.0516
     9(C )  -0.0400  -0.1008  -0.0260   0.0141   0.0607   0.0374   0.0467
    10(C )  -0.0390  -0.0873  -0.0010   0.0380   0.0483   0.0431   0.0103
    11(C )  -0.0354  -0.1350   0.0000   0.0354   0.0997   0.0675   0.0643
    12(C )  -0.0372  -0.0925  -0.0286   0.0086   0.0553   0.0320   0.0467
    13(C )  -0.0365  -0.0823  -0.0116   0.0249   0.0457   0.0353   0.0208
    14(O )  -0.1203  -0.1249  -0.1123   0.0080   0.0046   0.0063  -0.0034
    15(C )   0.0454   0.0372   0.0650   0.0196   0.0082   0.0139  -0.0114
    16(C )  -0.0091  -0.0299   0.0942   0.1033   0.0208   0.0621  -0.0825
    17(C )  -0.0456  -0.0527   0.0103   0.0559   0.0071   0.0315  -0.0488
    18(C )  -0.0376  -0.0696   0.0105   0.0481   0.0320   0.0400  -0.0161
    19(C )  -0.0416  -0.0723   0.0801   0.1217   0.0307   0.0762  -0.0910
    20(C )  -0.0393  -0.0637   0.0198   0.0591   0.0244   0.0417  -0.0347
    21(C )  -0.0421  -0.0839   0.0116   0.0537   0.0418   0.0478  -0.0119
    22(H )   0.1440   0.1356   0.1543   0.0103   0.0084   0.0094  -0.0019
    23(H )   0.0407   0.0185   0.0483   0.0077   0.0222   0.0149   0.0145
    24(H )   0.0450   0.0163   0.0580   0.0131   0.0287   0.0209   0.0156
    25(H )   0.0408   0.0040   0.0548   0.0140   0.0368   0.0254   0.0228
    26(H )   0.0431   0.0092   0.0622   0.0191   0.0339   0.0265   0.0147
    27(H )   0.0434  -0.0052   0.0609   0.0175   0.0486   0.0331   0.0311
    28(H )   0.0434   0.0093   0.0524   0.0090   0.0341   0.0216   0.0250
    29(H )   0.0423   0.0148   0.0500   0.0077   0.0275   0.0176   0.0198
    30(H )   0.0400   0.0283   0.0655   0.0255   0.0117   0.0186  -0.0137
    31(H )   0.0487   0.0346   0.0823   0.0337   0.0140   0.0239  -0.0196
    32(H )   0.0324   0.0310   0.0593   0.0269   0.0014   0.0142  -0.0254
    33(H )   0.0414   0.0292   0.0735   0.0322   0.0122   0.0222  -0.0200
    34(H )   0.0407   0.0220   0.0868   0.0461   0.0187   0.0324  -0.0274
    35(H )   0.0416   0.0232   0.0785   0.0369   0.0183   0.0276  -0.0186
    36(H )   0.0409   0.0182   0.0756   0.0347   0.0228   0.0287  -0.0119
 
 Condensed local electrophilicity/nucleophilicity index (e*eV)
     Atom              Electrophilicity          Nucleophilicity
     1(O )                  0.01692                  0.01612
     2(C )                  0.00621                  0.00289
     3(N )                  0.00538                  0.00779
     4(C )                  0.00708                  0.00366
     5(O )                  0.00651                 -0.00153
     6(O )                  0.01331                  0.01101
     7(C )                  0.02208                  0.00678
     8(C )                  0.05888                  0.02558
     9(C )                  0.04571                  0.01351
    10(C )                  0.03633                  0.03650
    11(C )                  0.07499                  0.03401
    12(C )                  0.04164                  0.00828
    13(C )                  0.03442                  0.02394
    14(O )                  0.00348                  0.00770
    15(C )                  0.00619                  0.01883
    16(C )                  0.01566                  0.09926
    17(C )                  0.00538                  0.05373
    18(C )                  0.02406                  0.04622
    19(C )                  0.02311                  0.11693
    20(C )                  0.01836                  0.05675
    21(C )                  0.03148                  0.05162
    22(H )                  0.00632                  0.00992
    23(H )                  0.01670                  0.00737
    24(H )                  0.02159                  0.01257
    25(H )                  0.02772                  0.01346
    26(H )                  0.02549                  0.01838
    27(H )                  0.03658                  0.01682
    28(H )                  0.02564                  0.00868
    29(H )                  0.02068                  0.00741
    30(H )                  0.00881                  0.02445
    31(H )                  0.01056                  0.03236
    32(H )                  0.00108                  0.02583
    33(H )                  0.00917                  0.03089
    34(H )                  0.01410                  0.04429
    35(H )                  0.01380                  0.03547
    36(H )                  0.01712                  0.03333
 
 Condensed local softnesses (Hartree*e) and relative electrophilicity/nucleophilicity (dimensionless)
     Atom         s-          s+          s0        s+/s-       s-/s+
     1(O )      0.0447      0.0599      0.0523      1.3401      0.7462
     2(C )      0.0080      0.0220      0.0150      2.7486      0.3638
     3(N )      0.0216      0.0190      0.0203      0.8816      1.1343
     4(C )      0.0102      0.0250      0.0176      2.4664      0.4054
     5(O )     -0.0042      0.0231      0.0094     -5.4265     -0.1843
     6(O )      0.0305      0.0471      0.0388      1.5426      0.6483
     7(C )      0.0188      0.0781      0.0485      4.1578      0.2405
     8(C )      0.0709      0.2084      0.1396      2.9393      0.3402
     9(C )      0.0374      0.1618      0.0996      4.3208      0.2314
    10(C )      0.1012      0.1286      0.1149      1.2708      0.7869
    11(C )      0.0943      0.2654      0.1798      2.8153      0.3552
    12(C )      0.0230      0.1474      0.0852      6.4194      0.1558
    13(C )      0.0664      0.1218      0.0941      1.8358      0.5447
    14(O )      0.0213      0.0123      0.0168      0.5769      1.7334
    15(C )      0.0522      0.0219      0.0371      0.4196      2.3833
    16(C )      0.2752      0.0554      0.1653      0.2014      4.9660
    17(C )      0.1489      0.0190      0.0840      0.1278      7.8258
    18(C )      0.1281      0.0851      0.1066      0.6645      1.5049
    19(C )      0.3241      0.0818      0.2030      0.2524      3.9623
    20(C )      0.1573      0.0650      0.1112      0.4131      2.4206
    21(C )      0.1431      0.1114      0.1272      0.7786      1.2843
    22(H )      0.0275      0.0224      0.0249      0.8133      1.2295
    23(H )      0.0204      0.0591      0.0398      2.8942      0.3455
    24(H )      0.0348      0.0764      0.0556      2.1935      0.4559
    25(H )      0.0373      0.0981      0.0677      2.6295      0.3803
    26(H )      0.0510      0.0902      0.0706      1.7704      0.5648
    27(H )      0.0466      0.1294      0.0880      2.7763      0.3602
    28(H )      0.0241      0.0907      0.0574      3.7719      0.2651
    29(H )      0.0205      0.0732      0.0469      3.5628      0.2807
    30(H )      0.0678      0.0312      0.0495      0.4601      2.1735
    31(H )      0.0897      0.0374      0.0635      0.4166      2.4001
    32(H )      0.0716      0.0038      0.0377      0.0533     18.7717
    33(H )      0.0856      0.0325      0.0590      0.3791      2.6375
    34(H )      0.1228      0.0499      0.0863      0.4064      2.4609
    35(H )      0.0983      0.0488      0.0736      0.4968      2.0131
    36(H )      0.0924      0.0606      0.0765      0.6559      1.5246
 
 E(N):     -973.315111 Hartree
 E(N+1):   -973.271486 Hartree
 E(N-1):   -972.983266 Hartree
 E_HOMO(N):     -0.299890 Hartree,   -8.1604 eV
 E_HOMO(N+1):    0.071861 Hartree,    1.9554 eV
 E_HOMO(N-1):    0.000000 Hartree,    0.0000 eV
 Vertical IP:    0.331844 Hartree,    9.0299 eV
 Vertical EA:   -0.043624 Hartree,   -1.1871 eV
 Mulliken electronegativity:     0.144110 Hartree,    3.9214 eV
 Chemical potential:            -0.144110 Hartree,   -3.9214 eV
 Hardness (=fundamental gap):    0.375469 Hartree,   10.2170 eV
 Softness:    2.663336 Hartree^-1,    0.0979 eV^-1
 Electrophilicity index:    0.027656 Hartree,    0.7525 eV
 Nucleophilicity index:     0.035308 Hartree,    0.9608 eV
