 Note: the E(HOMO) of TCE used for evaluating nucleophilicity index is the value evaluated at B3LYP/6-31G* level
 
 Hirshfeld charges, condensed Fukui functions and condensed dual descriptors
 Units used below are "e" (elementary charge)
     Atom     q(N)    q(N+1)   q(N-1)     f-       f+       f0      CDD
     1(C )  -0.0909  -0.0983  -0.0705   0.0203   0.0075   0.0139  -0.0129
     2(C )   0.1051   0.1009   0.1183   0.0132   0.0041   0.0087  -0.0090
     3(C )  -0.0909  -0.0983  -0.0705   0.0204   0.0075   0.0139  -0.0129
     4(C )  -0.0855  -0.0940  -0.0767   0.0088   0.0085   0.0086  -0.0002
     5(O )  -0.1437  -0.1929  -0.0761   0.0676   0.0492   0.0584  -0.0183
     6(C )   0.2578   0.1169   0.2829   0.0251   0.1409   0.0830   0.1157
     7(O )  -0.2652  -0.3955  -0.1903   0.0750   0.1303   0.1026   0.0553
     8(N )  -0.0979  -0.1299   0.0909   0.1888   0.0320   0.1104  -0.1568
     9(C )   0.2578   0.1169   0.2829   0.0251   0.1409   0.0830   0.1158
    10(O )  -0.2652  -0.3955  -0.1903   0.0750   0.1303   0.1026   0.0553
    11(O )  -0.1437  -0.1929  -0.0761   0.0676   0.0492   0.0584  -0.0184
    12(C )   0.1051   0.1009   0.1183   0.0132   0.0041   0.0087  -0.0090
    13(C )  -0.0909  -0.0984  -0.0705   0.0204   0.0075   0.0139  -0.0129
    14(C )  -0.0855  -0.0940  -0.0767   0.0088   0.0085   0.0086  -0.0002
    15(C )  -0.0909  -0.0983  -0.0705   0.0204   0.0075   0.0139  -0.0129
    16(H )   0.0344   0.0090   0.0628   0.0284   0.0253   0.0269  -0.0030
    17(H )   0.0301   0.0201   0.0457   0.0156   0.0100   0.0128  -0.0056
    18(H )   0.0337   0.0298   0.0425   0.0088   0.0040   0.0064  -0.0048
    19(H )   0.0344   0.0090   0.0628   0.0284   0.0253   0.0269  -0.0030
    20(H )   0.0337   0.0298   0.0425   0.0088   0.0040   0.0064  -0.0048
    21(H )   0.0301   0.0201   0.0457   0.0156   0.0100   0.0128  -0.0056
    22(H )   0.0348   0.0146   0.0548   0.0200   0.0203   0.0201   0.0002
    23(H )   0.0317   0.0214   0.0436   0.0120   0.0102   0.0111  -0.0017
    24(H )   0.0317   0.0214   0.0436   0.0120   0.0102   0.0111  -0.0017
    25(H )   0.1352   0.1019   0.1870   0.0518   0.0333   0.0426  -0.0186
    26(H )   0.0301   0.0201   0.0457   0.0156   0.0100   0.0128  -0.0056
    27(H )   0.0337   0.0298   0.0425   0.0088   0.0040   0.0064  -0.0048
    28(H )   0.0344   0.0090   0.0628   0.0284   0.0253   0.0269  -0.0030
    29(H )   0.0317   0.0214   0.0436   0.0120   0.0102   0.0111  -0.0017
    30(H )   0.0348   0.0146   0.0548   0.0200   0.0203   0.0201   0.0002
    31(H )   0.0317   0.0214   0.0436   0.0120   0.0102   0.0111  -0.0017
    32(H )   0.0337   0.0298   0.0425   0.0088   0.0040   0.0064  -0.0048
    33(H )   0.0301   0.0201   0.0457   0.0156   0.0100   0.0128  -0.0056
    34(H )   0.0344   0.0090   0.0628   0.0284   0.0253   0.0269  -0.0030
 
 Condensed local electrophilicity/nucleophilicity index (e*eV)
     Atom              Electrophilicity          Nucleophilicity
     1(C )                  0.00477                 -0.00309
     2(C )                  0.00264                 -0.00200
     3(C )                  0.00477                 -0.00310
     4(C )                  0.00544                 -0.00133
     5(O )                  0.03140                 -0.01028
     6(C )                  0.08985                 -0.00382
     7(O )                  0.08311                 -0.01140
     8(N )                  0.02039                 -0.02871
     9(C )                  0.08985                 -0.00382
    10(O )                  0.08311                 -0.01140
    11(O )                  0.03140                 -0.01028
    12(C )                  0.00264                 -0.00200
    13(C )                  0.00477                 -0.00310
    14(C )                  0.00544                 -0.00133
    15(C )                  0.00477                 -0.00310
    16(H )                  0.01616                 -0.00432
    17(H )                  0.00638                 -0.00237
    18(H )                  0.00252                 -0.00134
    19(H )                  0.01616                 -0.00432
    20(H )                  0.00252                 -0.00134
    21(H )                  0.00639                 -0.00237
    22(H )                  0.01292                 -0.00304
    23(H )                  0.00653                 -0.00182
    24(H )                  0.00652                 -0.00182
    25(H )                  0.02123                 -0.00788
    26(H )                  0.00638                 -0.00237
    27(H )                  0.00252                 -0.00134
    28(H )                  0.01616                 -0.00432
    29(H )                  0.00652                 -0.00182
    30(H )                  0.01292                 -0.00304
    31(H )                  0.00652                 -0.00182
    32(H )                  0.00252                 -0.00134
    33(H )                  0.00638                 -0.00237
    34(H )                  0.01616                 -0.00432
 
 Condensed local softnesses (Hartree*e) and relative electrophilicity/nucleophilicity (dimensionless)
     Atom         s-          s+          s0        s+/s-       s-/s+
     1(C )      0.0433      0.0159      0.0296      0.3677      2.7195
     2(C )      0.0281      0.0088      0.0184      0.3145      3.1792
     3(C )      0.0434      0.0159      0.0297      0.3676      2.7206
     4(C )      0.0187      0.0182      0.0184      0.9737      1.0270
     5(O )      0.1439      0.1049      0.1244      0.7286      1.3724
     6(C )      0.0535      0.3001      0.1768      5.6058      0.1784
     7(O )      0.1597      0.2776      0.2187      1.7379      0.5754
     8(N )      0.4021      0.0681      0.2351      0.1693      5.9054
     9(C )      0.0535      0.3001      0.1768      5.6062      0.1784
    10(O )      0.1597      0.2776      0.2186      1.7381      0.5753
    11(O )      0.1440      0.1049      0.1244      0.7284      1.3729
    12(C )      0.0281      0.0088      0.0184      0.3144      3.1806
    13(C )      0.0434      0.0159      0.0297      0.3675      2.7213
    14(C )      0.0187      0.0182      0.0184      0.9736      1.0272
    15(C )      0.0434      0.0159      0.0296      0.3676      2.7204
    16(H )      0.0604      0.0540      0.0572      0.8930      1.1198
    17(H )      0.0332      0.0213      0.0272      0.6426      1.5563
    18(H )      0.0187      0.0084      0.0136      0.4503      2.2208
    19(H )      0.0604      0.0540      0.0572      0.8928      1.1201
    20(H )      0.0187      0.0084      0.0136      0.4500      2.2220
    21(H )      0.0332      0.0213      0.0273      0.6430      1.5552
    22(H )      0.0426      0.0431      0.0429      1.0121      0.9881
    23(H )      0.0255      0.0218      0.0236      0.8559      1.1684
    24(H )      0.0255      0.0218      0.0236      0.8554      1.1690
    25(H )      0.1104      0.0709      0.0907      0.6422      1.5572
    26(H )      0.0332      0.0213      0.0272      0.6427      1.5560
    27(H )      0.0187      0.0084      0.0136      0.4500      2.2223
    28(H )      0.0604      0.0540      0.0572      0.8928      1.1201
    29(H )      0.0255      0.0218      0.0236      0.8555      1.1688
    30(H )      0.0426      0.0431      0.0429      1.0120      0.9882
    31(H )      0.0255      0.0218      0.0236      0.8554      1.1691
    32(H )      0.0187      0.0084      0.0136      0.4500      2.2221
    33(H )      0.0332      0.0213      0.0272      0.6426      1.5562
    34(H )      0.0604      0.0540      0.0572      0.8928      1.1201
 
 E(N):     -747.337336 Hartree
 E(N+1):   -747.250959 Hartree
 E(N-1):   -746.954274 Hartree
 E_HOMO(N):     -0.340787 Hartree,   -9.2733 eV
 E_HOMO(N+1):    0.487698 Hartree,   13.2709 eV
 E_HOMO(N-1):    0.487698 Hartree,   13.2709 eV
 Vertical IP:    0.383061 Hartree,   10.4236 eV
 Vertical EA:   -0.086377 Hartree,   -2.3504 eV
 Mulliken electronegativity:     0.148342 Hartree,    4.0366 eV
 Chemical potential:            -0.148342 Hartree,   -4.0366 eV
 Hardness (=fundamental gap):    0.469438 Hartree,   12.7741 eV
 Softness:    2.130206 Hartree^-1,    0.0783 eV^-1
 Electrophilicity index:    0.023438 Hartree,    0.6378 eV
 Nucleophilicity index:    -0.005589 Hartree,   -0.1521 eV
