 Note: the E(HOMO) of TCE used for evaluating nucleophilicity index is the value evaluated at B3LYP/6-31G* level
 
 Hirshfeld charges, condensed Fukui functions and condensed dual descriptors
 Units used below are "e" (elementary charge)
     Atom     q(N)    q(N+1)   q(N-1)     f-       f+       f0      CDD
     1(O )  -0.3266  -0.3610  -0.2987   0.0279   0.0343   0.0311   0.0064
     2(S )   0.5371   0.5124   0.5469   0.0098   0.0248   0.0173   0.0150
     3(N )  -0.1306  -0.1492  -0.1068   0.0239   0.0186   0.0212  -0.0053
     4(C )   0.0015   0.0011   0.0240   0.0225   0.0004   0.0114  -0.0222
     5(C )  -0.0067   0.0011   0.1095   0.1163  -0.0078   0.0542  -0.1241
     6(C )  -0.0449  -0.0455   0.0104   0.0553   0.0006   0.0280  -0.0547
     7(C )  -0.0380  -0.0473   0.0381   0.0761   0.0093   0.0427  -0.0668
     8(C )  -0.0375  -0.0518   0.1031   0.1407   0.0143   0.0775  -0.1264
     9(C )  -0.0353  -0.0454   0.0159   0.0512   0.0101   0.0307  -0.0411
    10(C )  -0.0412  -0.0411   0.0342   0.0754  -0.0001   0.0376  -0.0756
    11(C )  -0.0201  -0.0953  -0.0251  -0.0050   0.0752   0.0351   0.0803
    12(C )  -0.0209  -0.0713  -0.0156   0.0053   0.0504   0.0279   0.0451
    13(C )  -0.0203  -0.0763  -0.0090   0.0114   0.0560   0.0337   0.0447
    14(C )   0.0310  -0.0227   0.0453   0.0143   0.0537   0.0340   0.0393
    15(N )   0.2740   0.1926   0.2764   0.0024   0.0815   0.0419   0.0791
    16(O )  -0.2039  -0.3416  -0.1882   0.0157   0.1377   0.0767   0.1220
    17(O )  -0.2042  -0.3418  -0.1905   0.0138   0.1375   0.0756   0.1238
    18(C )  -0.0202  -0.0774  -0.0119   0.0084   0.0572   0.0328   0.0488
    19(C )  -0.0198  -0.0693  -0.0213  -0.0015   0.0495   0.0240   0.0510
    20(O )  -0.3197  -0.3543  -0.3022   0.0174   0.0346   0.0260   0.0172
    21(H )   0.1295   0.1193   0.1424   0.0130   0.0102   0.0116  -0.0028
    22(H )   0.0437   0.0420   0.0814   0.0377   0.0017   0.0197  -0.0360
    23(H )   0.0252   0.0279   0.0595   0.0342  -0.0026   0.0158  -0.0369
    24(H )   0.0393   0.0401   0.0773   0.0380  -0.0008   0.0186  -0.0387
    25(H )   0.0439   0.0358   0.0871   0.0432   0.0081   0.0256  -0.0352
    26(H )   0.0439   0.0334   0.0973   0.0533   0.0105   0.0319  -0.0428
    27(H )   0.0449   0.0363   0.0841   0.0392   0.0087   0.0239  -0.0305
    28(H )   0.0416   0.0415   0.0796   0.0380   0.0001   0.0191  -0.0379
    29(H )   0.0573   0.0253   0.0621   0.0048   0.0320   0.0184   0.0272
    30(H )   0.0601   0.0288   0.0699   0.0097   0.0313   0.0205   0.0216
    31(H )   0.0601   0.0285   0.0681   0.0080   0.0316   0.0198   0.0235
    32(H )   0.0572   0.0256   0.0569  -0.0003   0.0316   0.0156   0.0319
 
 Condensed local electrophilicity/nucleophilicity index (e*eV)
     Atom              Electrophilicity          Nucleophilicity
     1(O )                  0.05625                  0.01665
     2(S )                  0.04057                  0.00583
     3(N )                  0.03046                  0.01424
     4(C )                  0.00059                  0.01344
     5(C )                 -0.01282                  0.06938
     6(C )                  0.00100                  0.03300
     7(C )                  0.01530                  0.04542
     8(C )                  0.02340                  0.08396
     9(C )                  0.01654                  0.03058
    10(C )                 -0.00022                  0.04502
    11(C )                  0.12328                 -0.00301
    12(C )                  0.08258                  0.00317
    13(C )                  0.09177                  0.00677
    14(C )                  0.08798                  0.00856
    15(N )                  0.13346                  0.00142
    16(O )                  0.22563                  0.00940
    17(O )                  0.22537                  0.00821
    18(C )                  0.09366                  0.00499
    19(C )                  0.08113                 -0.00089
    20(O )                  0.05672                  0.01041
    21(H )                  0.01672                  0.00773
    22(H )                  0.00274                  0.02250
    23(H )                 -0.00433                  0.02043
    24(H )                 -0.00127                  0.02265
    25(H )                  0.01320                  0.02579
    26(H )                  0.01725                  0.03183
    27(H )                  0.01424                  0.02337
    28(H )                  0.00022                  0.02270
    29(H )                  0.05243                  0.00286
    30(H )                  0.05128                  0.00580
    31(H )                  0.05173                  0.00480
    32(H )                  0.05174                 -0.00019
 
 Condensed local softnesses (Hartree*e) and relative electrophilicity/nucleophilicity (dimensionless)
     Atom         s-          s+          s0        s+/s-       s-/s+
     1(O )      0.0914      0.1124      0.1019      1.2303      0.8128
     2(S )      0.0320      0.0811      0.0565      2.5351      0.3945
     3(N )      0.0781      0.0609      0.0695      0.7792      1.2834
     4(C )      0.0737      0.0012      0.0375      0.0160     62.4582
     5(C )      0.3807     -0.0256      0.1776     -0.0673    -14.8642
     6(C )      0.1811      0.0020      0.0915      0.0111     90.4413
     7(C )      0.2492      0.0306      0.1399      0.1227      8.1508
     8(C )      0.4607      0.0468      0.2537      0.1015      9.8519
     9(C )      0.1678      0.0330      0.1004      0.1970      5.0768
    10(C )      0.2470     -0.0004      0.1233     -0.0018   -560.8999
    11(C )     -0.0165      0.2464      0.1149    -14.9094     -0.0671
    12(C )      0.0174      0.1650      0.0912      9.4935      0.1053
    13(C )      0.0372      0.1834      0.1103      4.9344      0.2027
    14(C )      0.0470      0.1758      0.1114      3.7429      0.2672
    15(N )      0.0078      0.2667      0.1373     34.1786      0.0293
    16(O )      0.0516      0.4509      0.2513      8.7462      0.1143
    17(O )      0.0450      0.4504      0.2477     10.0022      0.1000
    18(C )      0.0274      0.1872      0.1073      6.8379      0.1462
    19(C )     -0.0049      0.1621      0.0786    -33.3070     -0.0300
    20(O )      0.0571      0.1134      0.0853      1.9841      0.5040
    21(H )      0.0424      0.0334      0.0379      0.7873      1.2701
    22(H )      0.1235      0.0055      0.0645      0.0443     22.5492
    23(H )      0.1121     -0.0087      0.0517     -0.0772    -12.9542
    24(H )      0.1243     -0.0025      0.0609     -0.0204    -49.1365
    25(H )      0.1415      0.0264      0.0840      0.1865      5.3628
    26(H )      0.1746      0.0345      0.1046      0.1974      5.0670
    27(H )      0.1283      0.0285      0.0784      0.2218      4.5077
    28(H )      0.1245      0.0004      0.0625      0.0035    289.8274
    29(H )      0.0157      0.1048      0.0603      6.6668      0.1500
    30(H )      0.0319      0.1025      0.0672      3.2174      0.3108
    31(H )      0.0263      0.1034      0.0649      3.9271      0.2546
    32(H )     -0.0010      0.1034      0.0512    -99.6926     -0.0100
 
 E(N):    -1309.834023 Hartree
 E(N+1):  -1309.873113 Hartree
 E(N-1):  -1309.489576 Hartree
 E_HOMO(N):     -0.313266 Hartree,   -8.5244 eV
 E_HOMO(N+1):    0.000000 Hartree,    0.0000 eV
 E_HOMO(N-1):    0.000000 Hartree,    0.0000 eV
 Vertical IP:    0.344447 Hartree,    9.3729 eV
 Vertical EA:    0.039090 Hartree,    1.0637 eV
 Mulliken electronegativity:     0.191769 Hartree,    5.2183 eV
 Chemical potential:            -0.191769 Hartree,   -5.2183 eV
 Hardness (=fundamental gap):    0.305357 Hartree,    8.3092 eV
 Softness:    3.274853 Hartree^-1,    0.1203 eV^-1
 Electrophilicity index:    0.060217 Hartree,    1.6386 eV
 Nucleophilicity index:     0.021932 Hartree,    0.5968 eV
