 Note: the E(HOMO) of TCE used for evaluating nucleophilicity index is the value evaluated at B3LYP/6-31G* level
 
 Hirshfeld charges, condensed Fukui functions and condensed dual descriptors
 Units used below are "e" (elementary charge)
     Atom     q(N)    q(N+1)   q(N-1)     f-       f+       f0      CDD
     1(C )  -0.0307  -0.1906   0.0823   0.1130   0.1599   0.1365   0.0469
     2(H )   0.0389  -0.0203   0.0781   0.0392   0.0592   0.0492   0.0199
     3(C )  -0.0531  -0.2017   0.0715   0.1245   0.1487   0.1366   0.0241
     4(H )   0.0416  -0.0171   0.0829   0.0413   0.0587   0.0500   0.0174
     5(C )   0.0380  -0.0057   0.0602   0.0223   0.0437   0.0330   0.0214
     6(H )   0.0400  -0.0084   0.0774   0.0375   0.0483   0.0429   0.0108
     7(H )   0.0413   0.0132   0.0629   0.0216   0.0281   0.0249   0.0065
     8(O )  -0.1311  -0.1525  -0.1052   0.0259   0.0214   0.0237  -0.0046
     9(C )   0.2628   0.2298   0.2889   0.0261   0.0330   0.0295   0.0069
    10(O )  -0.2985  -0.3394  -0.2104   0.0882   0.0409   0.0645  -0.0473
    11(O )  -0.1317  -0.1521  -0.0986   0.0331   0.0204   0.0268  -0.0127
    12(C )   0.0121  -0.0059   0.0246   0.0125   0.0180   0.0153   0.0056
    13(H )   0.0479   0.0301   0.0653   0.0174   0.0179   0.0176   0.0005
    14(H )   0.0433   0.0303   0.0553   0.0120   0.0130   0.0125   0.0010
    15(H )   0.0432   0.0287   0.0553   0.0121   0.0145   0.0133   0.0023
    16(C )  -0.0454  -0.0720  -0.0185   0.0269   0.0266   0.0268  -0.0003
    17(C )  -0.0472  -0.0623  -0.0215   0.0257   0.0150   0.0204  -0.0107
    18(H )   0.0335   0.0106   0.0539   0.0204   0.0229   0.0217   0.0025
    19(H )   0.0336  -0.0118   0.0711   0.0375   0.0454   0.0415   0.0080
    20(H )   0.0267   0.0144   0.0418   0.0151   0.0123   0.0137  -0.0028
    21(H )   0.0266   0.0125   0.0438   0.0172   0.0141   0.0157  -0.0031
    22(C )  -0.0484  -0.0592  -0.0286   0.0198   0.0108   0.0153  -0.0090
    23(C )  -0.0486  -0.0547  -0.0296   0.0191   0.0061   0.0126  -0.0130
    24(H )   0.0261   0.0162   0.0399   0.0138   0.0099   0.0118  -0.0039
    25(H )   0.0257   0.0136   0.0406   0.0149   0.0121   0.0135  -0.0028
    26(H )   0.0257   0.0185   0.0374   0.0117   0.0072   0.0095  -0.0046
    27(H )   0.0254   0.0184   0.0378   0.0124   0.0070   0.0097  -0.0054
    28(C )  -0.0491  -0.0551  -0.0299   0.0193   0.0060   0.0126  -0.0133
    29(C )  -0.0482  -0.0553  -0.0322   0.0160   0.0070   0.0115  -0.0089
    30(H )   0.0251   0.0179   0.0365   0.0114   0.0072   0.0093  -0.0042
    31(H )   0.0251   0.0178   0.0368   0.0117   0.0072   0.0095  -0.0045
    32(C )  -0.0866  -0.0959  -0.0692   0.0174   0.0092   0.0133  -0.0082
    33(H )   0.0259   0.0174   0.0358   0.0099   0.0085   0.0092  -0.0014
    34(H )   0.0258   0.0176   0.0360   0.0102   0.0083   0.0092  -0.0019
    35(H )   0.0291   0.0144   0.0518   0.0226   0.0147   0.0187  -0.0080
    36(H )   0.0277   0.0192   0.0379   0.0102   0.0085   0.0093  -0.0018
    37(H )   0.0277   0.0192   0.0378   0.0101   0.0085   0.0093  -0.0016
 
 Condensed local electrophilicity/nucleophilicity index (e*eV)
     Atom              Electrophilicity          Nucleophilicity
     1(C )                  0.07359                  0.25291
     2(H )                  0.02723                  0.08777
     3(C )                  0.06842                  0.27862
     4(H )                  0.02701                  0.09233
     5(C )                  0.02010                  0.04981
     6(H )                  0.02224                  0.08386
     7(H )                  0.01295                  0.04838
     8(O )                  0.00983                  0.05805
     9(C )                  0.01518                  0.05831
    10(O )                  0.01882                  0.19725
    11(O )                  0.00940                  0.07405
    12(C )                  0.00831                  0.02791
    13(H )                  0.00822                  0.03890
    14(H )                  0.00599                  0.02689
    15(H )                  0.00665                  0.02709
    16(C )                  0.01225                  0.06023
    17(C )                  0.00691                  0.05752
    18(H )                  0.01053                  0.04569
    19(H )                  0.02091                  0.08384
    20(H )                  0.00568                  0.03379
    21(H )                  0.00649                  0.03848
    22(C )                  0.00496                  0.04435
    23(C )                  0.00280                  0.04269
    24(H )                  0.00455                  0.03081
    25(H )                  0.00556                  0.03330
    26(H )                  0.00330                  0.02626
    27(H )                  0.00322                  0.02780
    28(C )                  0.00276                  0.04311
    29(C )                  0.00324                  0.03578
    30(H )                  0.00330                  0.02554
    31(H )                  0.00333                  0.02619
    32(C )                  0.00425                  0.03891
    33(H )                  0.00390                  0.02212
    34(H )                  0.00381                  0.02278
    35(H )                  0.00676                  0.05067
    36(H )                  0.00389                  0.02291
    37(H )                  0.00390                  0.02250
 
 Condensed local softnesses (Hartree*e) and relative electrophilicity/nucleophilicity (dimensionless)
     Atom         s-          s+          s0        s+/s-       s-/s+
     1(C )      0.2766      0.3913      0.3340      1.4145      0.7070
     2(H )      0.0960      0.1448      0.1204      1.5083      0.6630
     3(C )      0.3048      0.3638      0.3343      1.1937      0.8377
     4(H )      0.1010      0.1436      0.1223      1.4222      0.7031
     5(C )      0.0545      0.1069      0.0807      1.9616      0.5098
     6(H )      0.0917      0.1183      0.1050      1.2895      0.7755
     7(H )      0.0529      0.0688      0.0609      1.3010      0.7687
     8(O )      0.0635      0.0523      0.0579      0.8236      1.2142
     9(C )      0.0638      0.0807      0.0722      1.2652      0.7904
    10(O )      0.2157      0.1001      0.1579      0.4639      2.1557
    11(O )      0.0810      0.0500      0.0655      0.6169      1.6210
    12(C )      0.0305      0.0442      0.0373      1.4466      0.6913
    13(H )      0.0425      0.0437      0.0431      1.0276      0.9732
    14(H )      0.0294      0.0319      0.0306      1.0830      0.9234
    15(H )      0.0296      0.0354      0.0325      1.1934      0.8379
    16(C )      0.0659      0.0651      0.0655      0.9887      1.0114
    17(C )      0.0629      0.0368      0.0498      0.5844      1.7113
    18(H )      0.0500      0.0560      0.0530      1.1208      0.8922
    19(H )      0.0917      0.1112      0.1014      1.2124      0.8248
    20(H )      0.0370      0.0302      0.0336      0.8172      1.2237
    21(H )      0.0421      0.0345      0.0383      0.8200      1.2195
    22(C )      0.0485      0.0264      0.0374      0.5435      1.8401
    23(C )      0.0467      0.0149      0.0308      0.3193      3.1321
    24(H )      0.0337      0.0242      0.0290      0.7182      1.3923
    25(H )      0.0364      0.0295      0.0330      0.8111      1.2328
    26(H )      0.0287      0.0176      0.0231      0.6117      1.6349
    27(H )      0.0304      0.0171      0.0238      0.5630      1.7761
    28(C )      0.0471      0.0147      0.0309      0.3108      3.2177
    29(C )      0.0391      0.0172      0.0282      0.4404      2.2707
    30(H )      0.0279      0.0176      0.0227      0.6284      1.5913
    31(H )      0.0286      0.0177      0.0232      0.6178      1.6186
    32(C )      0.0426      0.0226      0.0326      0.5310      1.8831
    33(H )      0.0242      0.0207      0.0225      0.8560      1.1682
    34(H )      0.0249      0.0202      0.0226      0.8126      1.2306
    35(H )      0.0554      0.0359      0.0457      0.6484      1.5422
    36(H )      0.0251      0.0207      0.0229      0.8262      1.2104
    37(H )      0.0246      0.0207      0.0227      0.8423      1.1873
 
 E(N):     -696.201993 Hartree
 E(N+1):   -696.115250 Hartree
 E(N-1):   -695.880105 Hartree
 E_HOMO(N):     -0.252976 Hartree,   -6.8838 eV
 E_HOMO(N+1):    0.154169 Hartree,    4.1952 eV
 E_HOMO(N-1):   -0.411335 Hartree,  -11.1930 eV
 Vertical IP:    0.321888 Hartree,    8.7590 eV
 Vertical EA:   -0.086744 Hartree,   -2.3604 eV
 Mulliken electronegativity:     0.117572 Hartree,    3.1993 eV
 Chemical potential:            -0.117572 Hartree,   -3.1993 eV
 Hardness (=fundamental gap):    0.408632 Hartree,   11.1194 eV
 Softness:    2.447192 Hartree^-1,    0.0899 eV^-1
 Electrophilicity index:    0.016914 Hartree,    0.4603 eV
 Nucleophilicity index:     0.082222 Hartree,    2.2374 eV
