 Note: the E(HOMO) of TCE used for evaluating nucleophilicity index is the value evaluated at B3LYP/6-31G* level
 
 Hirshfeld charges, condensed Fukui functions and condensed dual descriptors
 Units used below are "e" (elementary charge)
     Atom     q(N)    q(N+1)   q(N-1)     f-       f+       f0      CDD
     1(C )  -0.0406  -0.0870   0.0051   0.0458   0.0464   0.0461   0.0006
     2(C )  -0.0380  -0.0987   0.0123   0.0504   0.0607   0.0555   0.0103
     3(C )  -0.0025  -0.0597   0.0555   0.0580   0.0572   0.0576  -0.0008
     4(C )  -0.0406  -0.0910   0.0141   0.0547   0.0504   0.0526  -0.0043
     5(C )  -0.0419  -0.1005   0.0081   0.0500   0.0586   0.0543   0.0086
     6(C )  -0.0409  -0.1382   0.0561   0.0969   0.0973   0.0971   0.0004
     7(H )   0.0449   0.0102   0.0775   0.0326   0.0348   0.0337   0.0022
     8(H )   0.0430   0.0123   0.0685   0.0255   0.0307   0.0281   0.0052
     9(H )   0.0422   0.0100   0.0731   0.0309   0.0322   0.0315   0.0013
    10(H )   0.0450   0.0067   0.0788   0.0338   0.0383   0.0360   0.0045
    11(H )   0.0450  -0.0030   0.0864   0.0414   0.0479   0.0447   0.0065
    12(C )  -0.0365  -0.1194   0.0308   0.0674   0.0828   0.0751   0.0155
    13(H )   0.0408   0.0018   0.0727   0.0319   0.0390   0.0354   0.0071
    14(C )  -0.0429  -0.1610   0.0656   0.1085   0.1182   0.1133   0.0097
    15(H )   0.0439   0.0044   0.0762   0.0323   0.0395   0.0359   0.0073
    16(C )   0.0374   0.0100   0.0557   0.0182   0.0274   0.0228   0.0092
    17(H )   0.0403   0.0091   0.0699   0.0296   0.0312   0.0304   0.0016
    18(H )   0.0413   0.0217   0.0596   0.0183   0.0197   0.0190   0.0014
    19(O )  -0.1337  -0.1385  -0.1196   0.0141   0.0049   0.0095  -0.0092
    20(C )   0.2668   0.2567   0.2825   0.0158   0.0100   0.0129  -0.0057
    21(O )  -0.2846  -0.3035  -0.2288   0.0558   0.0189   0.0374  -0.0369
    22(O )  -0.1258  -0.1323  -0.1075   0.0183   0.0065   0.0124  -0.0119
    23(C )   0.1010   0.0989   0.1027   0.0017   0.0021   0.0019   0.0004
    24(C )  -0.0871  -0.0899  -0.0817   0.0053   0.0029   0.0041  -0.0025
    25(H )   0.0356   0.0336   0.0396   0.0040   0.0021   0.0030  -0.0019
    26(H )   0.0356   0.0265   0.0466   0.0111   0.0091   0.0101  -0.0019
    27(H )   0.0354   0.0335   0.0395   0.0040   0.0020   0.0030  -0.0021
    28(C )  -0.0933  -0.0958  -0.0888   0.0045   0.0025   0.0035  -0.0020
    29(H )   0.0330   0.0315   0.0367   0.0037   0.0015   0.0026  -0.0021
    30(H )   0.0340   0.0335   0.0359   0.0018   0.0006   0.0012  -0.0012
    31(H )   0.0343   0.0241   0.0467   0.0124   0.0102   0.0113  -0.0022
    32(C )  -0.0931  -0.0955  -0.0891   0.0039   0.0024   0.0032  -0.0015
    33(H )   0.0327   0.0311   0.0366   0.0039   0.0017   0.0028  -0.0022
    34(H )   0.0347   0.0245   0.0471   0.0124   0.0101   0.0113  -0.0022
    35(H )   0.0342   0.0339   0.0356   0.0013   0.0003   0.0008  -0.0010
 
 Condensed local electrophilicity/nucleophilicity index (e*eV)
     Atom              Electrophilicity          Nucleophilicity
     1(C )                  0.03347                  0.13737
     2(C )                  0.04379                  0.15112
     3(C )                  0.04130                  0.17419
     4(C )                  0.03636                  0.16426
     5(C )                  0.04230                  0.15000
     6(C )                  0.07022                  0.29094
     7(H )                  0.02508                  0.09774
     8(H )                  0.02212                  0.07656
     9(H )                  0.02321                  0.09271
    10(H )                  0.02761                  0.10148
    11(H )                  0.03460                  0.12432
    12(C )                  0.05976                  0.20215
    13(H )                  0.02814                  0.09568
    14(C )                  0.08525                  0.32552
    15(H )                  0.02853                  0.09688
    16(C )                  0.01980                  0.05469
    17(H )                  0.02252                  0.08879
    18(H )                  0.01420                  0.05480
    19(O )                  0.00351                  0.04218
    20(C )                  0.00724                  0.04727
    21(O )                  0.01365                  0.16743
    22(O )                  0.00467                  0.05500
    23(C )                  0.00152                  0.00505
    24(C )                  0.00206                  0.01601
    25(H )                  0.00149                  0.01199
    26(H )                  0.00658                  0.03319
    27(H )                  0.00141                  0.01210
    28(C )                  0.00179                  0.01356
    29(H )                  0.00109                  0.01097
    30(H )                  0.00042                  0.00549
    31(H )                  0.00735                  0.03726
    32(C )                  0.00175                  0.01182
    33(H )                  0.00119                  0.01165
    34(H )                  0.00732                  0.03716
    35(H )                  0.00023                  0.00402
 
 Condensed local softnesses (Hartree*e) and relative electrophilicity/nucleophilicity (dimensionless)
     Atom         s-          s+          s0        s+/s-       s-/s+
     1(C )      0.1433      0.1452      0.1442      1.0134      0.9867
     2(C )      0.1576      0.1900      0.1738      1.2054      0.8296
     3(C )      0.1816      0.1791      0.1804      0.9862      1.0140
     4(C )      0.1713      0.1577      0.1645      0.9208      1.0860
     5(C )      0.1564      0.1835      0.1700      1.1730      0.8525
     6(C )      0.3034      0.3046      0.3040      1.0039      0.9961
     7(H )      0.1019      0.1088      0.1054      1.0671      0.9371
     8(H )      0.0798      0.0960      0.0879      1.2020      0.8320
     9(H )      0.0967      0.1007      0.0987      1.0415      0.9602
    10(H )      0.1058      0.1198      0.1128      1.1318      0.8835
    11(H )      0.1297      0.1501      0.1399      1.1575      0.8639
    12(C )      0.2108      0.2592      0.2350      1.2297      0.8132
    13(H )      0.0998      0.1221      0.1109      1.2235      0.8174
    14(C )      0.3395      0.3698      0.3546      1.0894      0.9179
    15(H )      0.1010      0.1238      0.1124      1.2250      0.8163
    16(C )      0.0570      0.0859      0.0715      1.5060      0.6640
    17(H )      0.0926      0.0977      0.0951      1.0549      0.9480
    18(H )      0.0571      0.0616      0.0594      1.0777      0.9279
    19(O )      0.0440      0.0152      0.0296      0.3465      2.8860
    20(C )      0.0493      0.0314      0.0404      0.6373      1.5692
    21(O )      0.1746      0.0592      0.1169      0.3392      2.9484
    22(O )      0.0574      0.0203      0.0388      0.3531      2.8319
    23(C )      0.0053      0.0066      0.0059      1.2484      0.8010
    24(C )      0.0167      0.0089      0.0128      0.5359      1.8660
    25(H )      0.0125      0.0065      0.0095      0.5170      1.9342
    26(H )      0.0346      0.0285      0.0316      0.8246      1.2127
    27(H )      0.0126      0.0061      0.0094      0.4860      2.0575
    28(C )      0.0141      0.0078      0.0109      0.5483      1.8239
    29(H )      0.0114      0.0047      0.0081      0.4153      2.4079
    30(H )      0.0057      0.0018      0.0038      0.3173      3.1514
    31(H )      0.0389      0.0319      0.0354      0.8202      1.2192
    32(C )      0.0123      0.0076      0.0100      0.6166      1.6218
    33(H )      0.0121      0.0052      0.0087      0.4266      2.3438
    34(H )      0.0388      0.0318      0.0353      0.8193      1.2206
    35(H )      0.0042      0.0010      0.0026      0.2339      4.2752
 
 E(N):     -770.011845 Hartree
 E(N+1):   -769.982263 Hartree
 E(N-1):   -769.721929 Hartree
 E_HOMO(N):     -0.224902 Hartree,   -6.1199 eV
 E_HOMO(N+1):    0.094531 Hartree,    2.5723 eV
 E_HOMO(N-1):   -0.383551 Hartree,  -10.4370 eV
 Vertical IP:    0.289916 Hartree,    7.8890 eV
 Vertical EA:   -0.029581 Hartree,   -0.8049 eV
 Mulliken electronegativity:     0.130167 Hartree,    3.5420 eV
 Chemical potential:            -0.130167 Hartree,   -3.5420 eV
 Hardness (=fundamental gap):    0.319497 Hartree,    8.6940 eV
 Softness:    3.129918 Hartree^-1,    0.1150 eV^-1
 Electrophilicity index:    0.026516 Hartree,    0.7215 eV
 Nucleophilicity index:     0.110296 Hartree,    3.0013 eV
