 Note: the E(HOMO) of TCE used for evaluating nucleophilicity index is the value evaluated at B3LYP/6-31G* level
 
 Hirshfeld charges, condensed Fukui functions and condensed dual descriptors
 Units used below are "e" (elementary charge)
     Atom     q(N)    q(N+1)   q(N-1)     f-       f+       f0      CDD
     1(C )  -0.0563  -0.0958  -0.0018   0.0545   0.0396   0.0470  -0.0149
     2(C )  -0.0344  -0.0911   0.0057   0.0401   0.0567   0.0484   0.0167
     3(C )  -0.0162  -0.0648   0.0523   0.0685   0.0486   0.0586  -0.0199
     4(C )  -0.0396  -0.0903   0.0148   0.0544   0.0507   0.0525  -0.0036
     5(C )  -0.0721  -0.1167  -0.0176   0.0545   0.0446   0.0496  -0.0099
     6(C )   0.0771  -0.0008   0.1440   0.0669   0.0779   0.0724   0.0111
     7(H )   0.0475   0.0160   0.0809   0.0335   0.0314   0.0325  -0.0020
     8(H )   0.0452   0.0164   0.0709   0.0257   0.0288   0.0272   0.0031
     9(H )   0.0424   0.0117   0.0745   0.0322   0.0307   0.0314  -0.0015
    10(H )   0.0394   0.0100   0.0704   0.0310   0.0295   0.0302  -0.0015
    11(C )  -0.0382  -0.1253   0.0090   0.0471   0.0871   0.0671   0.0400
    12(H )   0.0393   0.0006   0.0666   0.0273   0.0387   0.0330   0.0115
    13(C )  -0.0501  -0.1671   0.0537   0.1038   0.1170   0.1104   0.0131
    14(H )   0.0423   0.0024   0.0724   0.0301   0.0398   0.0350   0.0097
    15(C )   0.0365   0.0088   0.0530   0.0165   0.0277   0.0221   0.0112
    16(H )   0.0390   0.0064   0.0666   0.0276   0.0326   0.0301   0.0050
    17(H )   0.0402   0.0212   0.0555   0.0153   0.0190   0.0172   0.0037
    18(O )  -0.1340  -0.1393  -0.1277   0.0064   0.0053   0.0058  -0.0010
    19(C )   0.2665   0.2561   0.2747   0.0082   0.0104   0.0093   0.0022
    20(O )  -0.2850  -0.3035  -0.2574   0.0276   0.0185   0.0230  -0.0091
    21(O )  -0.1264  -0.1331  -0.1172   0.0093   0.0067   0.0080  -0.0026
    22(C )   0.1009   0.0987   0.1020   0.0011   0.0022   0.0016   0.0011
    23(C )  -0.0872  -0.0901  -0.0841   0.0031   0.0029   0.0030  -0.0002
    24(H )   0.0355   0.0337   0.0374   0.0019   0.0018   0.0018  -0.0000
    25(H )   0.0354   0.0263   0.0438   0.0084   0.0091   0.0087   0.0007
    26(H )   0.0352   0.0328   0.0377   0.0025   0.0024   0.0025  -0.0001
    27(C )  -0.0931  -0.0954  -0.0907   0.0024   0.0023   0.0024  -0.0001
    28(H )   0.0328   0.0315   0.0343   0.0014   0.0013   0.0014  -0.0001
    29(H )   0.0341   0.0339   0.0343   0.0002   0.0002   0.0002  -0.0000
    30(H )   0.0343   0.0241   0.0436   0.0093   0.0102   0.0097   0.0008
    31(C )  -0.0936  -0.0962  -0.0910   0.0026   0.0026   0.0026  -0.0000
    32(H )   0.0325   0.0304   0.0348   0.0023   0.0021   0.0022  -0.0002
    33(H )   0.0340   0.0239   0.0435   0.0094   0.0101   0.0098   0.0006
    34(H )   0.0338   0.0334   0.0343   0.0005   0.0004   0.0005  -0.0001
    35(O )  -0.1304  -0.1684  -0.0498   0.0807   0.0380   0.0593  -0.0427
    36(C )   0.0105  -0.0060   0.0316   0.0211   0.0165   0.0188  -0.0046
    37(H )   0.0370   0.0204   0.0604   0.0233   0.0166   0.0200  -0.0067
    38(H )   0.0485   0.0253   0.0747   0.0262   0.0231   0.0247  -0.0031
    39(H )   0.0369   0.0204   0.0601   0.0232   0.0166   0.0199  -0.0066
 
 Condensed local electrophilicity/nucleophilicity index (e*eV)
     Atom              Electrophilicity          Nucleophilicity
     1(C )                  0.02364                  0.19269
     2(C )                  0.03390                  0.14181
     3(C )                  0.02907                  0.24246
     4(C )                  0.03030                  0.19236
     5(C )                  0.02667                  0.19285
     6(C )                  0.04657                  0.23670
     7(H )                  0.01878                  0.11846
     8(H )                  0.01719                  0.09093
     9(H )                  0.01834                  0.11385
    10(H )                  0.01762                  0.10958
    11(C )                  0.05205                  0.16679
    12(H )                  0.02315                  0.09655
    13(C )                  0.06989                  0.36740
    14(H )                  0.02380                  0.10654
    15(C )                  0.01654                  0.05831
    16(H )                  0.01948                  0.09774
    17(H )                  0.01137                  0.05429
    18(O )                  0.00317                  0.02248
    19(C )                  0.00622                  0.02901
    20(O )                  0.01106                  0.09758
    21(O )                  0.00398                  0.03279
    22(C )                  0.00130                  0.00381
    23(C )                  0.00175                  0.01091
    24(H )                  0.00109                  0.00656
    25(H )                  0.00543                  0.02969
    26(H )                  0.00146                  0.00892
    27(C )                  0.00140                  0.00851
    28(H )                  0.00078                  0.00511
    29(H )                  0.00012                  0.00086
    30(H )                  0.00608                  0.03301
    31(C )                  0.00154                  0.00927
    32(H )                  0.00124                  0.00812
    33(H )                  0.00603                  0.03342
    34(H )                  0.00026                  0.00185
    35(O )                  0.02271                  0.28544
    36(C )                  0.00988                  0.07463
    37(H )                  0.00994                  0.08251
    38(H )                  0.01383                  0.09287
    39(H )                  0.00991                  0.08206
 
 Condensed local softnesses (Hartree*e) and relative electrophilicity/nucleophilicity (dimensionless)
     Atom         s-          s+          s0        s+/s-       s-/s+
     1(C )      0.1782      0.1294      0.1538      0.7265      1.3766
     2(C )      0.1311      0.1856      0.1584      1.4156      0.7064
     3(C )      0.2242      0.1592      0.1917      0.7100      1.4084
     4(C )      0.1779      0.1659      0.1719      0.9329      1.0719
     5(C )      0.1783      0.1461      0.1622      0.8190      1.2210
     6(C )      0.2189      0.2550      0.2370      1.1652      0.8582
     7(H )      0.1095      0.1028      0.1062      0.9388      1.0652
     8(H )      0.0841      0.0942      0.0891      1.1199      0.8930
     9(H )      0.1053      0.1004      0.1028      0.9538      1.0484
    10(H )      0.1013      0.0965      0.0989      0.9524      1.0500
    11(C )      0.1542      0.2850      0.2196      1.8481      0.5411
    12(H )      0.0893      0.1268      0.1080      1.4199      0.7043
    13(C )      0.3397      0.3827      0.3612      1.1266      0.8877
    14(H )      0.0985      0.1304      0.1144      1.3231      0.7558
    15(C )      0.0539      0.0906      0.0723      1.6800      0.5952
    16(H )      0.0904      0.1067      0.0985      1.1805      0.8471
    17(H )      0.0502      0.0623      0.0562      1.2401      0.8064
    18(O )      0.0208      0.0174      0.0191      0.8357      1.1966
    19(C )      0.0268      0.0341      0.0304      1.2698      0.7875
    20(O )      0.0902      0.0606      0.0754      0.6715      1.4892
    21(O )      0.0303      0.0218      0.0260      0.7182      1.3924
    22(C )      0.0035      0.0071      0.0053      2.0247      0.4939
    23(C )      0.0101      0.0096      0.0098      0.9481      1.0548
    24(H )      0.0061      0.0060      0.0060      0.9871      1.0131
    25(H )      0.0275      0.0297      0.0286      1.0834      0.9231
    26(H )      0.0083      0.0080      0.0081      0.9706      1.0303
    27(C )      0.0079      0.0077      0.0078      0.9751      1.0255
    28(H )      0.0047      0.0043      0.0045      0.9013      1.1095
    29(H )      0.0008      0.0007      0.0007      0.8431      1.1862
    30(H )      0.0305      0.0333      0.0319      1.0901      0.9174
    31(C )      0.0086      0.0084      0.0085      0.9816      1.0188
    32(H )      0.0075      0.0068      0.0071      0.9024      1.1081
    33(H )      0.0309      0.0330      0.0320      1.0681      0.9362
    34(H )      0.0017      0.0014      0.0016      0.8417      1.1880
    35(O )      0.2640      0.1244      0.1942      0.4711      2.1225
    36(C )      0.0690      0.0541      0.0616      0.7838      1.2758
    37(H )      0.0763      0.0544      0.0654      0.7134      1.4017
    38(H )      0.0859      0.0757      0.0808      0.8818      1.1341
    39(H )      0.0759      0.0543      0.0651      0.7153      1.3980
 
 E(N):     -884.534833 Hartree
 E(N+1):   -884.497884 Hartree
 E(N-1):   -884.266183 Hartree
 E_HOMO(N):     -0.205154 Hartree,   -5.5825 eV
 E_HOMO(N+1):    0.099291 Hartree,    2.7018 eV
 E_HOMO(N-1):   -0.364924 Hartree,   -9.9301 eV
 Vertical IP:    0.268649 Hartree,    7.3103 eV
 Vertical EA:   -0.036948 Hartree,   -1.0054 eV
 Mulliken electronegativity:     0.115851 Hartree,    3.1525 eV
 Chemical potential:            -0.115851 Hartree,   -3.1525 eV
 Hardness (=fundamental gap):    0.305598 Hartree,    8.3157 eV
 Softness:    3.272274 Hartree^-1,    0.1203 eV^-1
 Electrophilicity index:    0.021959 Hartree,    0.5975 eV
 Nucleophilicity index:     0.130044 Hartree,    3.5387 eV
