 Note: the E(HOMO) of TCE used for evaluating nucleophilicity index is the value evaluated at B3LYP/6-31G* level
 
 Hirshfeld charges, condensed Fukui functions and condensed dual descriptors
 Units used below are "e" (elementary charge)
     Atom     q(N)    q(N+1)   q(N-1)     f-       f+       f0      CDD
     1(C )  -0.0424  -0.0834  -0.0028   0.0396   0.0410   0.0403   0.0014
     2(C )  -0.0311  -0.0904   0.0118   0.0428   0.0593   0.0511   0.0165
     3(C )  -0.0010  -0.0597   0.0542   0.0552   0.0588   0.0570   0.0036
     4(C )  -0.0340  -0.0812   0.0137   0.0476   0.0473   0.0474  -0.0004
     5(C )  -0.0438  -0.0992  -0.0004   0.0434   0.0554   0.0494   0.0120
     6(C )   0.0036  -0.0710   0.0637   0.0601   0.0746   0.0674   0.0145
     7(H )   0.0505   0.0202   0.0776   0.0272   0.0303   0.0287   0.0031
     8(H )   0.0479   0.0185   0.0713   0.0234   0.0294   0.0264   0.0060
     9(H )   0.0472   0.0169   0.0756   0.0284   0.0303   0.0293   0.0019
    10(H )   0.0507   0.0164   0.0790   0.0283   0.0343   0.0313   0.0060
    11(C )  -0.0372  -0.1111   0.0182   0.0554   0.0739   0.0646   0.0186
    12(H )   0.0422   0.0063   0.0701   0.0279   0.0359   0.0319   0.0080
    13(C )  -0.0396  -0.1519   0.0574   0.0970   0.1122   0.1046   0.0152
    14(H )   0.0452   0.0081   0.0737   0.0286   0.0370   0.0328   0.0085
    15(C )   0.0382   0.0133   0.0545   0.0163   0.0249   0.0206   0.0086
    16(H )   0.0413   0.0116   0.0683   0.0270   0.0297   0.0284   0.0026
    17(H )   0.0422   0.0238   0.0586   0.0164   0.0184   0.0174   0.0021
    18(O )  -0.1335  -0.1373  -0.1225   0.0110   0.0039   0.0074  -0.0071
    19(C )   0.2671   0.2582   0.2797   0.0126   0.0089   0.0107  -0.0037
    20(O )  -0.2837  -0.3012  -0.2393   0.0444   0.0175   0.0309  -0.0269
    21(O )  -0.1256  -0.1315  -0.1110   0.0146   0.0059   0.0102  -0.0088
    22(C )   0.1012   0.0994   0.1026   0.0014   0.0018   0.0016   0.0004
    23(C )  -0.0869  -0.0895  -0.0826   0.0043   0.0026   0.0034  -0.0017
    24(H )   0.0358   0.0341   0.0390   0.0031   0.0018   0.0024  -0.0013
    25(H )   0.0359   0.0274   0.0456   0.0096   0.0085   0.0091  -0.0012
    26(H )   0.0355   0.0337   0.0387   0.0033   0.0018   0.0025  -0.0014
    27(C )  -0.0931  -0.0953  -0.0894   0.0037   0.0022   0.0029  -0.0014
    28(H )   0.0331   0.0316   0.0361   0.0030   0.0014   0.0022  -0.0015
    29(H )   0.0342   0.0339   0.0353   0.0012   0.0003   0.0007  -0.0009
    30(H )   0.0348   0.0254   0.0456   0.0107   0.0094   0.0101  -0.0013
    31(C )  -0.0932  -0.0954  -0.0899   0.0033   0.0022   0.0028  -0.0011
    32(H )   0.0328   0.0315   0.0358   0.0029   0.0014   0.0022  -0.0016
    33(H )   0.0348   0.0254   0.0457   0.0109   0.0095   0.0102  -0.0014
    34(H )   0.0342   0.0338   0.0353   0.0011   0.0003   0.0007  -0.0008
    35(Br)  -0.0434  -0.1713   0.1510   0.1944   0.1279   0.1612  -0.0664
 
 Condensed local electrophilicity/nucleophilicity index (e*eV)
     Atom              Electrophilicity          Nucleophilicity
     1(C )                  0.03390                  0.11715
     2(C )                  0.04904                  0.12680
     3(C )                  0.04859                  0.16336
     4(C )                  0.03908                  0.14097
     5(C )                  0.04582                  0.12851
     6(C )                  0.06173                  0.17795
     7(H )                  0.02507                  0.08043
     8(H )                  0.02432                  0.06935
     9(H )                  0.02504                  0.08407
    10(H )                  0.02836                  0.08379
    11(C )                  0.06115                  0.16388
    12(H )                  0.02972                  0.08261
    13(C )                  0.09282                  0.28713
    14(H )                  0.03063                  0.08456
    15(C )                  0.02059                  0.04834
    16(H )                  0.02454                  0.08008
    17(H )                  0.01526                  0.04841
    18(O )                  0.00319                  0.03252
    19(C )                  0.00734                  0.03720
    20(O )                  0.01445                  0.13139
    21(O )                  0.00484                  0.04329
    22(C )                  0.00146                  0.00410
    23(C )                  0.00214                  0.01275
    24(H )                  0.00146                  0.00922
    25(H )                  0.00700                  0.02854
    26(H )                  0.00151                  0.00966
    27(C )                  0.00184                  0.01084
    28(H )                  0.00119                  0.00884
    29(H )                  0.00024                  0.00342
    30(H )                  0.00781                  0.03181
    31(C )                  0.00183                  0.00975
    32(H )                  0.00113                  0.00871
    33(H )                  0.00782                  0.03222
    34(H )                  0.00029                  0.00337
    35(Br)                  0.10580                  0.57545
 
 Condensed local softnesses (Hartree*e) and relative electrophilicity/nucleophilicity (dimensionless)
     Atom         s-          s+          s0        s+/s-       s-/s+
     1(C )      0.1303      0.1350      0.1326      1.0358      0.9654
     2(C )      0.1410      0.1953      0.1682      1.3846      0.7222
     3(C )      0.1817      0.1935      0.1876      1.0648      0.9391
     4(C )      0.1568      0.1556      0.1562      0.9924      1.0076
     5(C )      0.1429      0.1825      0.1627      1.2764      0.7834
     6(C )      0.1979      0.2458      0.2219      1.2418      0.8053
     7(H )      0.0895      0.0998      0.0947      1.1159      0.8961
     8(H )      0.0771      0.0968      0.0870      1.2555      0.7965
     9(H )      0.0935      0.0997      0.0966      1.0660      0.9381
    10(H )      0.0932      0.1129      0.1031      1.2116      0.8254
    11(C )      0.1823      0.2435      0.2129      1.3358      0.7486
    12(H )      0.0919      0.1183      0.1051      1.2877      0.7766
    13(C )      0.3194      0.3696      0.3445      1.1572      0.8641
    14(H )      0.0941      0.1220      0.1080      1.2969      0.7711
    15(C )      0.0538      0.0820      0.0679      1.5249      0.6558
    16(H )      0.0891      0.0977      0.0934      1.0968      0.9117
    17(H )      0.0539      0.0607      0.0573      1.1280      0.8865
    18(O )      0.0362      0.0127      0.0244      0.3510      2.8489
    19(C )      0.0414      0.0292      0.0353      0.7060      1.4164
    20(O )      0.1462      0.0575      0.1018      0.3937      2.5403
    21(O )      0.0482      0.0193      0.0337      0.4003      2.4982
    22(C )      0.0046      0.0058      0.0052      1.2768      0.7832
    23(C )      0.0142      0.0085      0.0113      0.6002      1.6661
    24(H )      0.0103      0.0058      0.0080      0.5678      1.7611
    25(H )      0.0317      0.0279      0.0298      0.8777      1.1393
    26(H )      0.0107      0.0060      0.0084      0.5613      1.7815
    27(C )      0.0121      0.0073      0.0097      0.6092      1.6414
    28(H )      0.0098      0.0047      0.0073      0.4824      2.0731
    29(H )      0.0038      0.0010      0.0024      0.2522      3.9651
    30(H )      0.0354      0.0311      0.0332      0.8785      1.1383
    31(C )      0.0108      0.0073      0.0091      0.6715      1.4891
    32(H )      0.0097      0.0045      0.0071      0.4627      2.1614
    33(H )      0.0358      0.0311      0.0335      0.8690      1.1508
    34(H )      0.0037      0.0011      0.0024      0.3061      3.2665
    35(Br)      0.6401      0.4213      0.5307      0.6582      1.5194
 
 E(N):    -3341.116535 Hartree
 E(N+1):  -3341.100563 Hartree
 E(N-1):  -3340.828842 Hartree
 E_HOMO(N):     -0.226401 Hartree,   -6.1607 eV
 E_HOMO(N+1):    0.077979 Hartree,    2.1219 eV
 E_HOMO(N-1):   -0.376486 Hartree,  -10.2447 eV
 Vertical IP:    0.287693 Hartree,    7.8285 eV
 Vertical EA:   -0.015972 Hartree,   -0.4346 eV
 Mulliken electronegativity:     0.135860 Hartree,    3.6969 eV
 Chemical potential:            -0.135860 Hartree,   -3.6969 eV
 Hardness (=fundamental gap):    0.303664 Hartree,    8.2631 eV
 Softness:    3.293109 Hartree^-1,    0.1210 eV^-1
 Electrophilicity index:    0.030392 Hartree,    0.8270 eV
 Nucleophilicity index:     0.108797 Hartree,    2.9605 eV
