 Note: the E(HOMO) of TCE used for evaluating nucleophilicity index is the value evaluated at B3LYP/6-31G* level
 
 Hirshfeld charges, condensed Fukui functions and condensed dual descriptors
 Units used below are "e" (elementary charge)
     Atom     q(N)    q(N+1)   q(N-1)     f-       f+       f0      CDD
     1(C )  -0.0335  -0.0790   0.0046   0.0381   0.0454   0.0418   0.0073
     2(C )  -0.0322  -0.0903   0.0156   0.0478   0.0581   0.0530   0.0103
     3(C )   0.0061  -0.0571   0.0558   0.0496   0.0633   0.0564   0.0137
     4(C )  -0.0347  -0.0835   0.0170   0.0517   0.0488   0.0503  -0.0029
     5(C )  -0.0340  -0.0938   0.0079   0.0418   0.0599   0.0508   0.0181
     6(C )  -0.0286  -0.1103   0.0494   0.0780   0.0817   0.0798   0.0037
     7(H )   0.0501   0.0179   0.0778   0.0277   0.0321   0.0299   0.0044
     8(H )   0.0474   0.0173   0.0707   0.0233   0.0302   0.0267   0.0069
     9(H )   0.0469   0.0150   0.0752   0.0284   0.0318   0.0301   0.0035
    10(H )   0.0507   0.0147   0.0796   0.0289   0.0361   0.0325   0.0072
    11(C )  -0.0367  -0.1060   0.0335   0.0702   0.0692   0.0697  -0.0010
    12(H )   0.0430   0.0080   0.0741   0.0311   0.0350   0.0330   0.0039
    13(C )  -0.0353  -0.1469   0.0684   0.1037   0.1116   0.1076   0.0079
    14(H )   0.0467   0.0101   0.0779   0.0312   0.0365   0.0339   0.0053
    15(C )   0.0387   0.0144   0.0566   0.0179   0.0243   0.0211   0.0064
    16(H )   0.0423   0.0121   0.0728   0.0305   0.0302   0.0304  -0.0003
    17(H )   0.0425   0.0244   0.0605   0.0179   0.0181   0.0180   0.0002
    18(O )  -0.1333  -0.1367  -0.1173   0.0160   0.0034   0.0097  -0.0126
    19(C )   0.2674   0.2589   0.2848   0.0174   0.0086   0.0130  -0.0088
    20(O )  -0.2828  -0.2999  -0.2206   0.0622   0.0171   0.0396  -0.0451
    21(O )  -0.1254  -0.1312  -0.1042   0.0212   0.0057   0.0135  -0.0155
    22(C )   0.1012   0.0996   0.1033   0.0021   0.0017   0.0019  -0.0004
    23(C )  -0.0869  -0.0895  -0.0806   0.0063   0.0026   0.0045  -0.0038
    24(H )   0.0358   0.0344   0.0403   0.0044   0.0015   0.0030  -0.0029
    25(H )   0.0362   0.0278   0.0479   0.0117   0.0084   0.0100  -0.0033
    26(H )   0.0355   0.0335   0.0407   0.0051   0.0021   0.0036  -0.0030
    27(C )  -0.0930  -0.0951  -0.0878   0.0052   0.0021   0.0037  -0.0032
    28(H )   0.0331   0.0320   0.0373   0.0042   0.0010   0.0026  -0.0032
    29(H )   0.0341   0.0340   0.0362   0.0021   0.0001   0.0011  -0.0020
    30(H )   0.0352   0.0258   0.0482   0.0130   0.0094   0.0112  -0.0036
    31(C )  -0.0933  -0.0956  -0.0885   0.0048   0.0023   0.0035  -0.0025
    32(H )   0.0328   0.0311   0.0377   0.0049   0.0018   0.0033  -0.0032
    33(H )   0.0350   0.0256   0.0481   0.0131   0.0093   0.0112  -0.0038
    34(H )   0.0340   0.0337   0.0362   0.0022   0.0003   0.0013  -0.0019
    35(C )   0.2838   0.2595   0.2971   0.0133   0.0243   0.0188   0.0110
    36(F )  -0.1050  -0.1318  -0.0826   0.0224   0.0267   0.0246   0.0043
    37(F )  -0.1172  -0.1495  -0.0901   0.0271   0.0323   0.0297   0.0052
    38(F )  -0.1065  -0.1336  -0.0833   0.0233   0.0271   0.0252   0.0038
 
 Condensed local electrophilicity/nucleophilicity index (e*eV)
     Atom              Electrophilicity          Nucleophilicity
     1(C )                  0.04253                  0.09915
     2(C )                  0.05439                  0.12427
     3(C )                  0.05924                  0.12896
     4(C )                  0.04570                  0.13434
     5(C )                  0.05604                  0.10868
     6(C )                  0.07645                  0.20277
     7(H )                  0.03007                  0.07199
     8(H )                  0.02823                  0.06051
     9(H )                  0.02978                  0.07371
    10(H )                  0.03376                  0.07511
    11(C )                  0.06481                  0.18257
    12(H )                  0.03274                  0.08074
    13(C )                  0.10444                  0.26954
    14(H )                  0.03421                  0.08111
    15(C )                  0.02274                  0.04643
    16(H )                  0.02830                  0.07936
    17(H )                  0.01695                  0.04660
    18(O )                  0.00316                  0.04157
    19(C )                  0.00803                  0.04522
    20(O )                  0.01597                  0.16168
    21(O )                  0.00538                  0.05512
    22(C )                  0.00157                  0.00551
    23(C )                  0.00241                  0.01650
    24(H )                  0.00139                  0.01150
    25(H )                  0.00784                  0.03037
    26(H )                  0.00195                  0.01333
    27(C )                  0.00193                  0.01362
    28(H )                  0.00097                  0.01103
    29(H )                  0.00006                  0.00538
    30(H )                  0.00877                  0.03372
    31(C )                  0.00215                  0.01247
    32(H )                  0.00164                  0.01281
    33(H )                  0.00874                  0.03412
    34(H )                  0.00030                  0.00570
    35(C )                  0.02276                  0.03450
    36(F )                  0.02503                  0.05834
    37(F )                  0.03026                  0.07046
    38(F )                  0.02533                  0.06046
 
 Condensed local softnesses (Hartree*e) and relative electrophilicity/nucleophilicity (dimensionless)
     Atom         s-          s+          s0        s+/s-       s-/s+
     1(C )      0.1224      0.1458      0.1341      1.1913      0.8394
     2(C )      0.1534      0.1864      0.1699      1.2154      0.8228
     3(C )      0.1592      0.2030      0.1811      1.2755      0.7840
     4(C )      0.1658      0.1566      0.1612      0.9446      1.0587
     5(C )      0.1341      0.1921      0.1631      1.4320      0.6983
     6(C )      0.2503      0.2620      0.2561      1.0469      0.9552
     7(H )      0.0889      0.1031      0.0960      1.1598      0.8622
     8(H )      0.0747      0.0968      0.0857      1.2958      0.7717
     9(H )      0.0910      0.1021      0.0965      1.1220      0.8912
    10(H )      0.0927      0.1157      0.1042      1.2481      0.8012
    11(C )      0.2253      0.2221      0.2237      0.9858      1.0144
    12(H )      0.0997      0.1122      0.1059      1.1259      0.8882
    13(C )      0.3327      0.3580      0.3453      1.0760      0.9294
    14(H )      0.1001      0.1172      0.1087      1.1711      0.8539
    15(C )      0.0573      0.0779      0.0676      1.3601      0.7352
    16(H )      0.0979      0.0970      0.0975      0.9904      1.0097
    17(H )      0.0575      0.0581      0.0578      1.0101      0.9900
    18(O )      0.0513      0.0108      0.0311      0.2113      4.7328
    19(C )      0.0558      0.0275      0.0417      0.4930      2.0284
    20(O )      0.1996      0.0547      0.1271      0.2743      3.6451
    21(O )      0.0680      0.0184      0.0432      0.2710      3.6896
    22(C )      0.0068      0.0054      0.0061      0.7901      1.2657
    23(C )      0.0204      0.0083      0.0143      0.4057      2.4648
    24(H )      0.0142      0.0048      0.0095      0.3347      2.9878
    25(H )      0.0375      0.0269      0.0322      0.7165      1.3957
    26(H )      0.0165      0.0067      0.0116      0.4070      2.4573
    27(C )      0.0168      0.0066      0.0117      0.3941      2.5372
    28(H )      0.0136      0.0033      0.0085      0.2442      4.0944
    29(H )      0.0066      0.0002      0.0034      0.0317     31.4993
    30(H )      0.0416      0.0301      0.0358      0.7225      1.3841
    31(C )      0.0154      0.0074      0.0114      0.4779      2.0924
    32(H )      0.0158      0.0056      0.0107      0.3557      2.8115
    33(H )      0.0421      0.0300      0.0360      0.7112      1.4060
    34(H )      0.0070      0.0010      0.0040      0.1462      6.8395
    35(C )      0.0426      0.0780      0.0603      1.8319      0.5459
    36(F )      0.0720      0.0858      0.0789      1.1913      0.8394
    37(F )      0.0870      0.1037      0.0953      1.1927      0.8384
    38(F )      0.0746      0.0868      0.0807      1.1635      0.8595
 
 E(N):    -1107.048631 Hartree
 E(N+1):  -1107.039218 Hartree
 E(N-1):  -1106.746341 Hartree
 E_HOMO(N):     -0.239675 Hartree,   -6.5219 eV
 E_HOMO(N+1):    0.073010 Hartree,    1.9867 eV
 E_HOMO(N-1):   -0.389718 Hartree,  -10.6048 eV
 Vertical IP:    0.302290 Hartree,    8.2257 eV
 Vertical EA:   -0.009414 Hartree,   -0.2562 eV
 Mulliken electronegativity:     0.146438 Hartree,    3.9848 eV
 Chemical potential:            -0.146438 Hartree,   -3.9848 eV
 Hardness (=fundamental gap):    0.311703 Hartree,    8.4819 eV
 Softness:    3.208178 Hartree^-1,    0.1179 eV^-1
 Electrophilicity index:    0.034398 Hartree,    0.9360 eV
 Nucleophilicity index:     0.095523 Hartree,    2.5993 eV
