 Note: the E(HOMO) of TCE used for evaluating nucleophilicity index is the value evaluated at B3LYP/6-31G* level
 
 Hirshfeld charges, condensed Fukui functions and condensed dual descriptors
 Units used below are "e" (elementary charge)
     Atom     q(N)    q(N+1)   q(N-1)     f-       f+       f0      CDD
     1(C )  -0.0562  -0.0984   0.0165   0.0727   0.0422   0.0574  -0.0305
     2(C )  -0.0364  -0.1036  -0.0044   0.0320   0.0672   0.0496   0.0352
     3(C )  -0.0188  -0.0740   0.0457   0.0644   0.0552   0.0598  -0.0092
     4(C )   0.0776   0.0396   0.1371   0.0596   0.0379   0.0488  -0.0216
     5(C )  -0.0722  -0.1283  -0.0353   0.0369   0.0560   0.0465   0.0191
     6(C )  -0.0413  -0.1386   0.0369   0.0782   0.0972   0.0877   0.0190
     7(H )   0.0431   0.0097   0.0806   0.0375   0.0333   0.0354  -0.0042
     8(H )   0.0443   0.0129   0.0684   0.0241   0.0313   0.0277   0.0072
     9(H )   0.0387   0.0055   0.0667   0.0280   0.0332   0.0306   0.0052
    10(C )  -0.0403  -0.1175   0.0068   0.0470   0.0772   0.0621   0.0302
    11(H )   0.0375   0.0030   0.0612   0.0237   0.0346   0.0291   0.0109
    12(C )  -0.0467  -0.1587   0.0542   0.1009   0.1119   0.1064   0.0110
    13(H )   0.0412   0.0037   0.0716   0.0303   0.0375   0.0339   0.0072
    14(C )   0.0368   0.0109   0.0530   0.0161   0.0260   0.0210   0.0098
    15(H )   0.0390   0.0088   0.0661   0.0272   0.0301   0.0287   0.0030
    16(H )   0.0413   0.0231   0.0561   0.0148   0.0182   0.0165   0.0033
    17(O )  -0.1340  -0.1384  -0.1263   0.0077   0.0044   0.0061  -0.0034
    18(C )   0.2664   0.2568   0.2759   0.0095   0.0097   0.0096   0.0001
    19(O )  -0.2852  -0.3032  -0.2528   0.0324   0.0180   0.0252  -0.0145
    20(O )  -0.1265  -0.1326  -0.1158   0.0107   0.0061   0.0084  -0.0046
    21(C )   0.1009   0.0989   0.1021   0.0012   0.0020   0.0016   0.0009
    22(C )  -0.0872  -0.0900  -0.0838   0.0034   0.0028   0.0031  -0.0007
    23(H )   0.0355   0.0336   0.0378   0.0023   0.0018   0.0021  -0.0005
    24(H )   0.0353   0.0264   0.0442   0.0089   0.0088   0.0089  -0.0001
    25(H )   0.0352   0.0332   0.0379   0.0027   0.0020   0.0023  -0.0006
    26(C )  -0.0934  -0.0957  -0.0906   0.0028   0.0023   0.0026  -0.0005
    27(H )   0.0328   0.0314   0.0347   0.0019   0.0014   0.0016  -0.0005
    28(H )   0.0340   0.0337   0.0345   0.0005   0.0003   0.0004  -0.0001
    29(H )   0.0340   0.0241   0.0439   0.0099   0.0098   0.0099  -0.0001
    30(C )  -0.0933  -0.0957  -0.0906   0.0028   0.0024   0.0026  -0.0004
    31(H )   0.0325   0.0308   0.0349   0.0024   0.0017   0.0021  -0.0008
    32(H )   0.0341   0.0243   0.0441   0.0100   0.0098   0.0099  -0.0002
    33(H )   0.0341   0.0337   0.0347   0.0006   0.0004   0.0005  -0.0002
    34(H )   0.0445  -0.0026   0.0834   0.0388   0.0472   0.0430   0.0084
    35(O )  -0.1221  -0.1363  -0.0552   0.0669   0.0142   0.0406  -0.0527
    36(C )   0.0115  -0.0027   0.0318   0.0202   0.0142   0.0172  -0.0060
    37(H )   0.0374   0.0219   0.0609   0.0235   0.0155   0.0195  -0.0079
    38(H )   0.0487   0.0281   0.0725   0.0238   0.0206   0.0222  -0.0032
    39(H )   0.0374   0.0220   0.0609   0.0235   0.0154   0.0195  -0.0080
 
 Condensed local electrophilicity/nucleophilicity index (e*eV)
     Atom              Electrophilicity          Nucleophilicity
     1(C )                  0.02743                  0.25007
     2(C )                  0.04369                  0.11004
     3(C )                  0.03590                  0.22168
     4(C )                  0.02468                  0.20492
     5(C )                  0.03643                  0.12704
     6(C )                  0.06322                  0.26915
     7(H )                  0.02167                  0.12910
     8(H )                  0.02038                  0.08288
     9(H )                  0.02156                  0.09637
    10(C )                  0.05022                  0.16184
    11(H )                  0.02249                  0.08154
    12(C )                  0.07279                  0.34730
    13(H )                  0.02440                  0.10442
    14(C )                  0.01687                  0.05556
    15(H )                  0.01960                  0.09348
    16(H )                  0.01181                  0.05108
    17(O )                  0.00284                  0.02664
    18(C )                  0.00628                  0.03271
    19(O )                  0.01168                  0.11163
    20(O )                  0.00396                  0.03693
    21(C )                  0.00130                  0.00396
    22(C )                  0.00179                  0.01185
    23(H )                  0.00119                  0.00792
    24(H )                  0.00574                  0.03064
    25(H )                  0.00131                  0.00915
    26(C )                  0.00151                  0.00957
    27(H )                  0.00089                  0.00645
    28(H )                  0.00022                  0.00165
    29(H )                  0.00639                  0.03412
    30(C )                  0.00155                  0.00948
    31(H )                  0.00109                  0.00837
    32(H )                  0.00638                  0.03438
    33(H )                  0.00024                  0.00196
    34(H )                  0.03068                  0.13354
    35(O )                  0.00926                  0.23031
    36(C )                  0.00925                  0.06968
    37(H )                  0.01011                  0.08077
    38(H )                  0.01341                  0.08194
    39(H )                  0.01004                  0.08075
 
 Condensed local softnesses (Hartree*e) and relative electrophilicity/nucleophilicity (dimensionless)
     Atom         s-          s+          s0        s+/s-       s-/s+
     1(C )      0.2392      0.1388      0.1890      0.5804      1.7230
     2(C )      0.1053      0.2212      0.1632      2.1011      0.4759
     3(C )      0.2121      0.1818      0.1969      0.8571      1.1668
     4(C )      0.1960      0.1249      0.1605      0.6372      1.5694
     5(C )      0.1215      0.1844      0.1530      1.5176      0.6589
     6(C )      0.2575      0.3200      0.2887      1.2428      0.8046
     7(H )      0.1235      0.1097      0.1166      0.8882      1.1259
     8(H )      0.0793      0.1032      0.0912      1.3009      0.7687
     9(H )      0.0922      0.1091      0.1007      1.1839      0.8447
    10(C )      0.1548      0.2542      0.2045      1.6421      0.6090
    11(H )      0.0780      0.1139      0.0959      1.4595      0.6851
    12(C )      0.3322      0.3685      0.3504      1.1091      0.9016
    13(H )      0.0999      0.1235      0.1117      1.2363      0.8089
    14(C )      0.0532      0.0854      0.0693      1.6070      0.6223
    15(H )      0.0894      0.0992      0.0943      1.1095      0.9013
    16(H )      0.0489      0.0598      0.0543      1.2229      0.8177
    17(O )      0.0255      0.0144      0.0199      0.5642      1.7726
    18(C )      0.0313      0.0318      0.0315      1.0154      0.9848
    19(O )      0.1068      0.0591      0.0830      0.5538      1.8059
    20(O )      0.0353      0.0200      0.0277      0.5669      1.7638
    21(C )      0.0038      0.0066      0.0052      1.7446      0.5732
    22(C )      0.0113      0.0091      0.0102      0.7997      1.2504
    23(H )      0.0076      0.0060      0.0068      0.7951      1.2578
    24(H )      0.0293      0.0291      0.0292      0.9919      1.0082
    25(H )      0.0088      0.0067      0.0077      0.7595      1.3166
    26(C )      0.0092      0.0077      0.0084      0.8370      1.1947
    27(H )      0.0062      0.0045      0.0053      0.7273      1.3750
    28(H )      0.0016      0.0011      0.0013      0.6914      1.4462
    29(H )      0.0326      0.0324      0.0325      0.9912      1.0089
    30(C )      0.0091      0.0078      0.0084      0.8628      1.1590
    31(H )      0.0080      0.0055      0.0068      0.6918      1.4455
    32(H )      0.0329      0.0323      0.0326      0.9814      1.0189
    33(H )      0.0019      0.0012      0.0016      0.6571      1.5219
    34(H )      0.1278      0.1553      0.1415      1.2159      0.8224
    35(O )      0.2203      0.0469      0.1336      0.2126      4.7026
    36(C )      0.0667      0.0468      0.0567      0.7024      1.4236
    37(H )      0.0773      0.0512      0.0642      0.6624      1.5096
    38(H )      0.0784      0.0679      0.0731      0.8659      1.1549
    39(H )      0.0772      0.0508      0.0640      0.6580      1.5197
 
 E(N):     -884.533183 Hartree
 E(N+1):   -884.501780 Hartree
 E(N-1):   -884.260789 Hartree
 E_HOMO(N):     -0.208749 Hartree,   -5.6803 eV
 E_HOMO(N+1):    0.094366 Hartree,    2.5678 eV
 E_HOMO(N-1):   -0.367625 Hartree,  -10.0036 eV
 Vertical IP:    0.272394 Hartree,    7.4122 eV
 Vertical EA:   -0.031403 Hartree,   -0.8545 eV
 Mulliken electronegativity:     0.120496 Hartree,    3.2789 eV
 Chemical potential:            -0.120496 Hartree,   -3.2789 eV
 Hardness (=fundamental gap):    0.303797 Hartree,    8.2667 eV
 Softness:    3.291670 Hartree^-1,    0.1210 eV^-1
 Electrophilicity index:    0.023896 Hartree,    0.6502 eV
 Nucleophilicity index:     0.126449 Hartree,    3.4409 eV
