 Note: the E(HOMO) of TCE used for evaluating nucleophilicity index is the value evaluated at B3LYP/6-31G* level
 
 Hirshfeld charges, condensed Fukui functions and condensed dual descriptors
 Units used below are "e" (elementary charge)
     Atom     q(N)    q(N+1)   q(N-1)     f-       f+       f0      CDD
     1(C )  -0.0443  -0.1469   0.0123   0.0566   0.1026   0.0796   0.0461
     2(H )   0.0490   0.0030   0.0807   0.0316   0.0461   0.0389   0.0145
     3(C )  -0.0442  -0.1773   0.0699   0.1142   0.1331   0.1236   0.0189
     4(H )   0.0457  -0.0004   0.0798   0.0341   0.0461   0.0401   0.0120
     5(C )   0.0372   0.0054   0.0562   0.0190   0.0318   0.0254   0.0128
     6(H )   0.0405   0.0046   0.0711   0.0306   0.0358   0.0332   0.0052
     7(H )   0.0408   0.0187   0.0594   0.0186   0.0221   0.0204   0.0035
     8(O )  -0.1332  -0.1399  -0.1217   0.0116   0.0067   0.0091  -0.0049
     9(C )   0.2669   0.2549   0.2800   0.0131   0.0121   0.0126  -0.0010
    10(O )  -0.2842  -0.3051  -0.2389   0.0453   0.0209   0.0331  -0.0244
    11(O )  -0.1257  -0.1335  -0.1106   0.0151   0.0078   0.0114  -0.0074
    12(C )   0.1011   0.0984   0.1026   0.0015   0.0027   0.0021   0.0012
    13(C )  -0.0871  -0.0905  -0.0825   0.0046   0.0034   0.0040  -0.0012
    14(H )   0.0356   0.0330   0.0390   0.0034   0.0025   0.0030  -0.0008
    15(H )   0.0355   0.0253   0.0459   0.0104   0.0103   0.0103  -0.0001
    16(H )   0.0355   0.0330   0.0389   0.0034   0.0025   0.0030  -0.0009
    17(C )  -0.0934  -0.0963  -0.0895   0.0039   0.0029   0.0034  -0.0010
    18(H )   0.0329   0.0309   0.0359   0.0031   0.0020   0.0025  -0.0011
    19(H )   0.0339   0.0332   0.0352   0.0013   0.0007   0.0010  -0.0006
    20(H )   0.0342   0.0228   0.0458   0.0116   0.0114   0.0115  -0.0002
    21(C )  -0.0933  -0.0961  -0.0898   0.0034   0.0028   0.0031  -0.0006
    22(H )   0.0327   0.0306   0.0360   0.0032   0.0021   0.0027  -0.0011
    23(H )   0.0345   0.0232   0.0462   0.0116   0.0114   0.0115  -0.0003
    24(H )   0.0341   0.0337   0.0350   0.0009   0.0004   0.0006  -0.0005
    25(C )   0.0534   0.0022   0.1335   0.0800   0.0512   0.0656  -0.0288
    26(C )  -0.0756  -0.1677   0.0183   0.0939   0.0921   0.0930  -0.0018
    27(O )  -0.0767  -0.1267  -0.0429   0.0339   0.0499   0.0419   0.0161
    28(C )  -0.0792  -0.1356  -0.0005   0.0787   0.0564   0.0676  -0.0223
    29(H )   0.0531   0.0085   0.0975   0.0444   0.0446   0.0445   0.0001
    30(C )   0.0222  -0.0748   0.1454   0.1232   0.0970   0.1101  -0.0262
    31(H )   0.0545   0.0145   0.0985   0.0440   0.0400   0.0420  -0.0040
    32(H )   0.0635   0.0149   0.1133   0.0498   0.0486   0.0492  -0.0012
 
 Condensed local electrophilicity/nucleophilicity index (e*eV)
     Atom              Electrophilicity          Nucleophilicity
     1(C )                  0.06258                  0.19393
     2(H )                  0.02810                  0.10841
     3(C )                  0.08116                  0.39150
     4(H )                  0.02811                  0.11686
     5(C )                  0.01942                  0.06521
     6(H )                  0.02186                  0.10492
     7(H )                  0.01348                  0.06381
     8(O )                  0.00408                  0.03963
     9(C )                  0.00735                  0.04483
    10(O )                  0.01277                  0.15546
    11(O )                  0.00473                  0.05190
    12(C )                  0.00164                  0.00510
    13(C )                  0.00206                  0.01561
    14(H )                  0.00155                  0.01156
    15(H )                  0.00625                  0.03553
    16(H )                  0.00152                  0.01172
    17(C )                  0.00177                  0.01328
    18(H )                  0.00122                  0.01048
    19(H )                  0.00042                  0.00443
    20(H )                  0.00697                  0.03983
    21(C )                  0.00172                  0.01181
    22(H )                  0.00130                  0.01113
    23(H )                  0.00692                  0.03991
    24(H )                  0.00024                  0.00305
    25(C )                  0.03124                  0.27444
    26(C )                  0.05616                  0.32209
    27(O )                  0.03046                  0.11620
    28(C )                  0.03439                  0.26991
    29(H )                  0.02717                  0.15231
    30(C )                  0.05915                  0.42243
    31(H )                  0.02436                  0.15077
    32(H )                  0.02966                  0.17072
 
 Condensed local softnesses (Hartree*e) and relative electrophilicity/nucleophilicity (dimensionless)
     Atom         s-          s+          s0        s+/s-       s-/s+
     1(C )      0.1765      0.3202      0.2484      1.8145      0.5511
     2(H )      0.0987      0.1438      0.1212      1.4577      0.6860
     3(C )      0.3563      0.4153      0.3858      1.1656      0.8579
     4(H )      0.1063      0.1438      0.1251      1.3524      0.7394
     5(C )      0.0593      0.0994      0.0794      1.6745      0.5972
     6(H )      0.0955      0.1118      0.1037      1.1714      0.8537
     7(H )      0.0581      0.0690      0.0635      1.1879      0.8418
     8(O )      0.0361      0.0209      0.0285      0.5789      1.7275
     9(C )      0.0408      0.0376      0.0392      0.9217      1.0849
    10(O )      0.1415      0.0653      0.1034      0.4618      2.1654
    11(O )      0.0472      0.0242      0.0357      0.5121      1.9528
    12(C )      0.0046      0.0084      0.0065      1.8089      0.5528
    13(C )      0.0142      0.0106      0.0124      0.7434      1.3451
    14(H )      0.0105      0.0079      0.0092      0.7540      1.3263
    15(H )      0.0323      0.0320      0.0322      0.9894      1.0107
    16(H )      0.0107      0.0078      0.0092      0.7298      1.3703
    17(C )      0.0121      0.0091      0.0106      0.7502      1.3330
    18(H )      0.0095      0.0062      0.0079      0.6536      1.5300
    19(H )      0.0040      0.0021      0.0031      0.5308      1.8838
    20(H )      0.0362      0.0357      0.0360      0.9837      1.0166
    21(C )      0.0107      0.0088      0.0098      0.8174      1.2233
    22(H )      0.0101      0.0066      0.0084      0.6563      1.5236
    23(H )      0.0363      0.0354      0.0359      0.9753      1.0253
    24(H )      0.0028      0.0012      0.0020      0.4354      2.2969
    25(C )      0.2497      0.1598      0.2048      0.6400      1.5624
    26(C )      0.2931      0.2874      0.2902      0.9804      1.0200
    27(O )      0.1057      0.1559      0.1308      1.4739      0.6785
    28(C )      0.2456      0.1760      0.2108      0.7165      1.3958
    29(H )      0.1386      0.1390      0.1388      1.0030      0.9970
    30(C )      0.3844      0.3026      0.3435      0.7873      1.2702
    31(H )      0.1372      0.1247      0.1309      0.9086      1.1006
    32(H )      0.1554      0.1518      0.1536      0.9769      1.0237
 
 E(N):     -767.790678 Hartree
 E(N+1):   -767.750287 Hartree
 E(N-1):   -767.510586 Hartree
 E_HOMO(N):     -0.209192 Hartree,   -5.6924 eV
 E_HOMO(N+1):    0.109106 Hartree,    2.9689 eV
 E_HOMO(N-1):   -0.380045 Hartree,  -10.3416 eV
 Vertical IP:    0.280093 Hartree,    7.6217 eV
 Vertical EA:   -0.040392 Hartree,   -1.0991 eV
 Mulliken electronegativity:     0.119851 Hartree,    3.2613 eV
 Chemical potential:            -0.119851 Hartree,   -3.2613 eV
 Hardness (=fundamental gap):    0.320484 Hartree,    8.7208 eV
 Softness:    3.120280 Hartree^-1,    0.1147 eV^-1
 Electrophilicity index:    0.022410 Hartree,    0.6098 eV
 Nucleophilicity index:     0.126006 Hartree,    3.4288 eV
