 Note: the E(HOMO) of TCE used for evaluating nucleophilicity index is the value evaluated at B3LYP/6-31G* level
 
 Hirshfeld charges, condensed Fukui functions and condensed dual descriptors
 Units used below are "e" (elementary charge)
     Atom     q(N)    q(N+1)   q(N-1)     f-       f+       f0      CDD
     1(C )  -0.0380  -0.1347   0.0366   0.0746   0.0967   0.0856   0.0221
     2(H )   0.0423   0.0004   0.0756   0.0333   0.0420   0.0376   0.0086
     3(C )  -0.0480  -0.1866   0.0799   0.1279   0.1386   0.1332   0.0108
     4(H )   0.0428  -0.0079   0.0844   0.0416   0.0507   0.0462   0.0091
     5(C )   0.0363   0.0007   0.0568   0.0205   0.0356   0.0280   0.0152
     6(H )   0.0396   0.0004   0.0733   0.0337   0.0392   0.0364   0.0054
     7(H )   0.0403   0.0180   0.0593   0.0190   0.0224   0.0207   0.0034
     8(O )  -0.1343  -0.1435  -0.1168   0.0176   0.0092   0.0134  -0.0084
     9(C )   0.2664   0.2525   0.2855   0.0190   0.0140   0.0165  -0.0050
    10(O )  -0.2850  -0.3073  -0.2183   0.0667   0.0223   0.0445  -0.0444
    11(O )  -0.1265  -0.1354  -0.1038   0.0226   0.0089   0.0158  -0.0137
    12(C )   0.1010   0.0977   0.1032   0.0022   0.0033   0.0028   0.0010
    13(C )  -0.0872  -0.0911  -0.0804   0.0068   0.0039   0.0053  -0.0029
    14(H )   0.0355   0.0328   0.0403   0.0048   0.0027   0.0037  -0.0021
    15(H )   0.0354   0.0242   0.0480   0.0126   0.0112   0.0119  -0.0013
    16(H )   0.0353   0.0320   0.0409   0.0056   0.0033   0.0045  -0.0023
    17(C )  -0.0934  -0.0966  -0.0879   0.0055   0.0031   0.0043  -0.0024
    18(H )   0.0327   0.0306   0.0372   0.0046   0.0021   0.0033  -0.0025
    19(H )   0.0339   0.0334   0.0359   0.0020   0.0005   0.0012  -0.0015
    20(H )   0.0343   0.0218   0.0483   0.0140   0.0125   0.0133  -0.0015
    21(C )  -0.0933  -0.0966  -0.0883   0.0050   0.0033   0.0041  -0.0017
    22(H )   0.0327   0.0299   0.0379   0.0052   0.0028   0.0040  -0.0024
    23(H )   0.0341   0.0218   0.0482   0.0141   0.0123   0.0132  -0.0018
    24(H )   0.0341   0.0333   0.0364   0.0022   0.0008   0.0015  -0.0014
    25(C )  -0.0514  -0.1329   0.0343   0.0857   0.0815   0.0836  -0.0043
    26(C )  -0.0320  -0.1694   0.0989   0.1309   0.1374   0.1341   0.0066
    27(H )   0.0389  -0.0103   0.0816   0.0427   0.0492   0.0459   0.0064
    28(H )   0.0413   0.0012   0.0774   0.0361   0.0401   0.0381   0.0041
    29(C )  -0.0807  -0.1153  -0.0474   0.0333   0.0346   0.0340   0.0013
    30(H )   0.0376  -0.0074   0.0809   0.0432   0.0450   0.0441   0.0018
    31(H )   0.0379  -0.0071   0.0812   0.0433   0.0450   0.0442   0.0017
    32(H )   0.0375   0.0117   0.0613   0.0238   0.0258   0.0248   0.0020
 
 Condensed local electrophilicity/nucleophilicity index (e*eV)
     Atom              Electrophilicity          Nucleophilicity
     1(C )                  0.05785                  0.22970
     2(H )                  0.02510                  0.10260
     3(C )                  0.08292                  0.39375
     4(H )                  0.03035                  0.12807
     5(C )                  0.02131                  0.06301
     6(H )                  0.02343                  0.10387
     7(H )                  0.01337                  0.05840
     8(O )                  0.00549                  0.05409
     9(C )                  0.00836                  0.05857
    10(O )                  0.01333                  0.20553
    11(O )                  0.00535                  0.06969
    12(C )                  0.00196                  0.00687
    13(C )                  0.00232                  0.02090
    14(H )                  0.00159                  0.01480
    15(H )                  0.00672                  0.03872
    16(H )                  0.00200                  0.01730
    17(C )                  0.00188                  0.01694
    18(H )                  0.00125                  0.01411
    19(H )                  0.00029                  0.00616
    20(H )                  0.00748                  0.04314
    21(C )                  0.00197                  0.01526
    22(H )                  0.00167                  0.01606
    23(H )                  0.00734                  0.04339
    24(H )                  0.00049                  0.00681
    25(C )                  0.04875                  0.26406
    26(C )                  0.08222                  0.40302
    27(H )                  0.02941                  0.13162
    28(H )                  0.02402                  0.11113
    29(C )                  0.02071                  0.10255
    30(H )                  0.02695                  0.13307
    31(H )                  0.02693                  0.13335
    32(H )                  0.01543                  0.07318
 
 Condensed local softnesses (Hartree*e) and relative electrophilicity/nucleophilicity (dimensionless)
     Atom         s-          s+          s0        s+/s-       s-/s+
     1(C )      0.2181      0.2828      0.2505      1.2964      0.7714
     2(H )      0.0974      0.1227      0.1101      1.2595      0.7939
     3(C )      0.3739      0.4054      0.3897      1.0841      0.9224
     4(H )      0.1216      0.1484      0.1350      1.2200      0.8197
     5(C )      0.0598      0.1042      0.0820      1.7409      0.5744
     6(H )      0.0986      0.1146      0.1066      1.1612      0.8612
     7(H )      0.0555      0.0654      0.0604      1.1789      0.8482
     8(O )      0.0514      0.0268      0.0391      0.5226      1.9134
     9(C )      0.0556      0.0409      0.0482      0.7347      1.3611
    10(O )      0.1952      0.0652      0.1302      0.3340      2.9942
    11(O )      0.0662      0.0262      0.0462      0.3953      2.5295
    12(C )      0.0065      0.0096      0.0081      1.4701      0.6802
    13(C )      0.0199      0.0114      0.0156      0.5719      1.7485
    14(H )      0.0141      0.0078      0.0109      0.5529      1.8086
    15(H )      0.0368      0.0328      0.0348      0.8932      1.1195
    16(H )      0.0164      0.0098      0.0131      0.5953      1.6797
    17(C )      0.0161      0.0092      0.0126      0.5725      1.7467
    18(H )      0.0134      0.0061      0.0098      0.4567      2.1896
    19(H )      0.0059      0.0014      0.0036      0.2423      4.1268
    20(H )      0.0410      0.0365      0.0388      0.8920      1.1211
    21(C )      0.0145      0.0096      0.0121      0.6657      1.5022
    22(H )      0.0153      0.0082      0.0117      0.5357      1.8667
    23(H )      0.0412      0.0359      0.0386      0.8714      1.1476
    24(H )      0.0065      0.0024      0.0044      0.3709      2.6961
    25(C )      0.2508      0.2383      0.2446      0.9504      1.0522
    26(C )      0.3827      0.4019      0.3923      1.0502      0.9522
    27(H )      0.1250      0.1438      0.1344      1.1502      0.8694
    28(H )      0.1055      0.1174      0.1115      1.1126      0.8988
    29(C )      0.0974      0.1012      0.0993      1.0396      0.9619
    30(H )      0.1264      0.1317      0.1291      1.0425      0.9593
    31(H )      0.1266      0.1316      0.1291      1.0393      0.9621
    32(H )      0.0695      0.0755      0.0725      1.0857      0.9211
 
 E(N):     -655.676056 Hartree
 E(N+1):   -655.627718 Hartree
 E(N-1):   -655.382488 Hartree
 E_HOMO(N):     -0.222021 Hartree,   -6.0415 eV
 E_HOMO(N+1):    0.118777 Hartree,    3.2321 eV
 E_HOMO(N-1):   -0.390971 Hartree,  -10.6389 eV
 Vertical IP:    0.293568 Hartree,    7.9884 eV
 Vertical EA:   -0.048338 Hartree,   -1.3153 eV
 Mulliken electronegativity:     0.122615 Hartree,    3.3365 eV
 Chemical potential:            -0.122615 Hartree,   -3.3365 eV
 Hardness (=fundamental gap):    0.341905 Hartree,    9.3037 eV
 Softness:    2.924786 Hartree^-1,    0.1075 eV^-1
 Electrophilicity index:    0.021986 Hartree,    0.5983 eV
 Nucleophilicity index:     0.113177 Hartree,    3.0797 eV
