 Note: the E(HOMO) of TCE used for evaluating nucleophilicity index is the value evaluated at B3LYP/6-31G* level
 
 Hirshfeld charges, condensed Fukui functions and condensed dual descriptors
 Units used below are "e" (elementary charge)
     Atom     q(N)    q(N+1)   q(N-1)     f-       f+       f0      CDD
     1(C )  -0.0317  -0.1877   0.0913   0.1229   0.1560   0.1395   0.0331
     2(H )   0.0385  -0.0191   0.0793   0.0408   0.0576   0.0492   0.0168
     3(C )  -0.0528  -0.1972   0.0695   0.1223   0.1445   0.1334   0.0222
     4(H )   0.0412  -0.0158   0.0832   0.0419   0.0570   0.0495   0.0151
     5(C )   0.0364  -0.0070   0.0577   0.0213   0.0434   0.0323   0.0220
     6(H )   0.0390  -0.0069   0.0741   0.0351   0.0459   0.0405   0.0108
     7(H )   0.0401   0.0137   0.0622   0.0221   0.0265   0.0243   0.0044
     8(O )  -0.1342  -0.1531  -0.0999   0.0344   0.0188   0.0266  -0.0155
     9(C )   0.2664   0.2398   0.3006   0.0342   0.0266   0.0304  -0.0076
    10(O )  -0.2854  -0.3181  -0.1600   0.1255   0.0327   0.0791  -0.0928
    11(O )  -0.1268  -0.1433  -0.0835   0.0432   0.0165   0.0299  -0.0268
    12(C )   0.1009   0.0930   0.1060   0.0050   0.0079   0.0065   0.0029
    13(C )  -0.0872  -0.0986  -0.0735   0.0137   0.0114   0.0126  -0.0023
    14(H )   0.0353   0.0270   0.0452   0.0098   0.0084   0.0091  -0.0014
    15(H )   0.0354   0.0087   0.0538   0.0184   0.0266   0.0225   0.0082
    16(H )   0.0352   0.0264   0.0460   0.0108   0.0089   0.0098  -0.0020
    17(C )  -0.0932  -0.1034  -0.0819   0.0114   0.0101   0.0108  -0.0012
    18(H )   0.0327   0.0251   0.0423   0.0096   0.0076   0.0086  -0.0020
    19(H )   0.0341   0.0287   0.0408   0.0067   0.0053   0.0060  -0.0014
    20(H )   0.0342   0.0064   0.0545   0.0203   0.0278   0.0240   0.0075
    21(C )  -0.0933  -0.1030  -0.0835   0.0098   0.0097   0.0097  -0.0001
    22(H )   0.0325   0.0243   0.0433   0.0108   0.0082   0.0095  -0.0025
    23(H )   0.0342   0.0089   0.0544   0.0202   0.0253   0.0228   0.0051
    24(H )   0.0340   0.0296   0.0404   0.0064   0.0044   0.0054  -0.0020
    25(C )  -0.0458  -0.0722  -0.0203   0.0255   0.0263   0.0259   0.0008
    26(C )  -0.0458  -0.0623  -0.0258   0.0200   0.0165   0.0183  -0.0035
    27(H )   0.0294   0.0156   0.0425   0.0132   0.0138   0.0135   0.0006
    28(H )   0.0333   0.0106   0.0534   0.0201   0.0226   0.0214   0.0026
    29(C )  -0.0855  -0.1040  -0.0688   0.0166   0.0185   0.0176   0.0019
    30(H )   0.0284   0.0122   0.0424   0.0140   0.0162   0.0151   0.0022
    31(H )   0.0311   0.0075   0.0554   0.0242   0.0236   0.0239  -0.0006
    32(H )   0.0292   0.0152   0.0419   0.0127   0.0140   0.0133   0.0014
    33(H )   0.0277   0.0123   0.0426   0.0149   0.0154   0.0151   0.0004
    34(H )   0.0325  -0.0135   0.0746   0.0421   0.0460   0.0440   0.0038
 
 Condensed local electrophilicity/nucleophilicity index (e*eV)
     Atom              Electrophilicity          Nucleophilicity
     1(C )                  0.07138                  0.27848
     2(H )                  0.02635                  0.09246
     3(C )                  0.06609                  0.27697
     4(H )                  0.02608                  0.09503
     5(C )                  0.01984                  0.04831
     6(H )                  0.02100                  0.07956
     7(H )                  0.01211                  0.05001
     8(O )                  0.00862                  0.07785
     9(C )                  0.01217                  0.07757
    10(O )                  0.01495                  0.28423
    11(O )                  0.00754                  0.09796
    12(C )                  0.00363                  0.01143
    13(C )                  0.00521                  0.03107
    14(H )                  0.00384                  0.02223
    15(H )                  0.01218                  0.04178
    16(H )                  0.00406                  0.02451
    17(C )                  0.00464                  0.02580
    18(H )                  0.00348                  0.02183
    19(H )                  0.00245                  0.01525
    20(H )                  0.01271                  0.04589
    21(C )                  0.00442                  0.02215
    22(H )                  0.00376                  0.02436
    23(H )                  0.01157                  0.04581
    24(H )                  0.00201                  0.01443
    25(C )                  0.01205                  0.05774
    26(C )                  0.00756                  0.04530
    27(H )                  0.00630                  0.02982
    28(H )                  0.01036                  0.04550
    29(C )                  0.00847                  0.03764
    30(H )                  0.00742                  0.03179
    31(H )                  0.01082                  0.05492
    32(H )                  0.00642                  0.02870
    33(H )                  0.00702                  0.03376
    34(H )                  0.02103                  0.09541
 
 Condensed local softnesses (Hartree*e) and relative electrophilicity/nucleophilicity (dimensionless)
     Atom         s-          s+          s0        s+/s-       s-/s+
     1(C )      0.3008      0.3818      0.3413      1.2692      0.7879
     2(H )      0.0999      0.1409      0.1204      1.4110      0.7087
     3(C )      0.2992      0.3535      0.3263      1.1816      0.8463
     4(H )      0.1027      0.1395      0.1211      1.3591      0.7358
     5(C )      0.0522      0.1061      0.0792      2.0339      0.4917
     6(H )      0.0859      0.1123      0.0991      1.3069      0.7652
     7(H )      0.0540      0.0648      0.0594      1.1987      0.8343
     8(O )      0.0841      0.0461      0.0651      0.5483      1.8238
     9(C )      0.0838      0.0651      0.0744      0.7769      1.2871
    10(O )      0.3070      0.0800      0.1935      0.2605      3.8383
    11(O )      0.1058      0.0403      0.0731      0.3813      2.6229
    12(C )      0.0123      0.0194      0.0159      1.5745      0.6351
    13(C )      0.0336      0.0279      0.0307      0.8305      1.2041
    14(H )      0.0240      0.0205      0.0223      0.8545      1.1703
    15(H )      0.0451      0.0652      0.0552      1.4439      0.6926
    16(H )      0.0265      0.0217      0.0241      0.8193      1.2205
    17(C )      0.0279      0.0248      0.0264      0.8908      1.1226
    18(H )      0.0236      0.0186      0.0211      0.7892      1.2671
    19(H )      0.0165      0.0131      0.0148      0.7940      1.2595
    20(H )      0.0496      0.0680      0.0588      1.3709      0.7294
    21(C )      0.0239      0.0236      0.0238      0.9873      1.0129
    22(H )      0.0263      0.0201      0.0232      0.7653      1.3066
    23(H )      0.0495      0.0619      0.0557      1.2503      0.7998
    24(H )      0.0156      0.0107      0.0132      0.6891      1.4512
    25(C )      0.0624      0.0644      0.0634      1.0333      0.9678
    26(C )      0.0489      0.0404      0.0447      0.8260      1.2107
    27(H )      0.0322      0.0337      0.0330      1.0465      0.9556
    28(H )      0.0491      0.0554      0.0523      1.1278      0.8867
    29(C )      0.0407      0.0453      0.0430      1.1140      0.8977
    30(H )      0.0343      0.0397      0.0370      1.1555      0.8655
    31(H )      0.0593      0.0579      0.0586      0.9755      1.0251
    32(H )      0.0310      0.0343      0.0327      1.1072      0.9032
    33(H )      0.0365      0.0376      0.0370      1.0302      0.9707
    34(H )      0.1031      0.1125      0.1078      1.0914      0.9163
 
 E(N):     -656.898729 Hartree
 E(N+1):   -656.811639 Hartree
 E(N-1):   -656.577196 Hartree
 E_HOMO(N):     -0.251941 Hartree,   -6.8557 eV
 E_HOMO(N+1):    0.153087 Hartree,    4.1657 eV
 E_HOMO(N-1):   -0.419087 Hartree,  -11.4039 eV
 Vertical IP:    0.321533 Hartree,    8.7493 eV
 Vertical EA:   -0.087090 Hartree,   -2.3698 eV
 Mulliken electronegativity:     0.117221 Hartree,    3.1898 eV
 Chemical potential:            -0.117221 Hartree,   -3.1898 eV
 Hardness (=fundamental gap):    0.408622 Hartree,   11.1192 eV
 Softness:    2.447247 Hartree^-1,    0.0899 eV^-1
 Electrophilicity index:    0.016814 Hartree,    0.4575 eV
 Nucleophilicity index:     0.083257 Hartree,    2.2655 eV
