 Note: the E(HOMO) of TCE used for evaluating nucleophilicity index is the value evaluated at B3LYP/6-31G* level
 
 Hirshfeld charges, condensed Fukui functions and condensed dual descriptors
 Units used below are "e" (elementary charge)
     Atom     q(N)    q(N+1)   q(N-1)     f-       f+       f0      CDD
     1(C )  -0.0353  -0.1237  -0.0125   0.0228   0.0884   0.0556   0.0656
     2(H )   0.0462   0.0116   0.0585   0.0123   0.0346   0.0235   0.0223
     3(C )  -0.0404  -0.1377  -0.0044   0.0360   0.0973   0.0667   0.0612
     4(H )   0.0446   0.0077   0.0595   0.0148   0.0369   0.0259   0.0220
     5(C )   0.0388   0.0144   0.0476   0.0088   0.0244   0.0166   0.0156
     6(H )   0.0418   0.0154   0.0551   0.0132   0.0265   0.0199   0.0132
     7(H )   0.0429   0.0270   0.0526   0.0097   0.0159   0.0128   0.0061
     8(O )  -0.1337  -0.1412  -0.1148   0.0189   0.0075   0.0132  -0.0115
     9(C )   0.2671   0.2567   0.2864   0.0193   0.0104   0.0148  -0.0089
    10(O )  -0.2832  -0.2994  -0.2120   0.0712   0.0162   0.0437  -0.0550
    11(O )  -0.1260  -0.1332  -0.1025   0.0235   0.0072   0.0153  -0.0163
    12(C )   0.1011   0.0984   0.1030   0.0020   0.0026   0.0023   0.0007
    13(C )  -0.0871  -0.0903  -0.0806   0.0064   0.0032   0.0048  -0.0032
    14(H )   0.0355   0.0330   0.0404   0.0050   0.0024   0.0037  -0.0025
    15(H )   0.0358   0.0267   0.0461   0.0103   0.0091   0.0097  -0.0011
    16(H )   0.0354   0.0329   0.0405   0.0051   0.0025   0.0038  -0.0027
    17(C )  -0.0932  -0.0958  -0.0877   0.0054   0.0027   0.0040  -0.0028
    18(H )   0.0329   0.0310   0.0378   0.0049   0.0019   0.0034  -0.0030
    19(H )   0.0342   0.0337   0.0367   0.0025   0.0005   0.0015  -0.0020
    20(H )   0.0347   0.0246   0.0462   0.0115   0.0100   0.0108  -0.0015
    21(C )  -0.0932  -0.0958  -0.0885   0.0047   0.0026   0.0037  -0.0021
    22(H )   0.0327   0.0307   0.0377   0.0051   0.0020   0.0035  -0.0031
    23(H )   0.0347   0.0249   0.0462   0.0115   0.0098   0.0107  -0.0016
    24(H )   0.0342   0.0339   0.0364   0.0022   0.0003   0.0013  -0.0019
    25(C )   0.0319   0.0107   0.0448   0.0129   0.0212   0.0170   0.0082
    26(H )   0.0291   0.0003   0.0534   0.0242   0.0289   0.0266   0.0046
    27(C )   0.0327   0.0153   0.0553   0.0226   0.0174   0.0200  -0.0052
    28(H )   0.0283   0.0067   0.0669   0.0387   0.0216   0.0301  -0.0170
    29(H )   0.0277   0.0036   0.0649   0.0372   0.0241   0.0307  -0.0131
    30(H )   0.0301   0.0126   0.0482   0.0181   0.0176   0.0178  -0.0005
    31(O )  -0.1541  -0.1623  -0.1152   0.0389   0.0083   0.0236  -0.0307
    32(C )  -0.0047  -0.0457   0.0567   0.0615   0.0410   0.0512  -0.0205
    33(C )  -0.0493  -0.1167   0.0060   0.0552   0.0675   0.0613   0.0123
    34(C )  -0.0459  -0.0705  -0.0133   0.0326   0.0246   0.0286  -0.0079
    35(C )  -0.0446  -0.0824  -0.0059   0.0386   0.0378   0.0382  -0.0008
    36(H )   0.0399   0.0065   0.0685   0.0287   0.0333   0.0310   0.0047
    37(C )  -0.0427  -0.1131   0.0139   0.0566   0.0704   0.0635   0.0138
    38(H )   0.0401   0.0249   0.0610   0.0208   0.0152   0.0180  -0.0056
    39(C )  -0.0472  -0.1064   0.0411   0.0882   0.0593   0.0738  -0.0290
    40(H )   0.0426   0.0145   0.0722   0.0295   0.0281   0.0288  -0.0014
    41(H )   0.0430   0.0079   0.0742   0.0312   0.0351   0.0331   0.0038
    42(H )   0.0425   0.0088   0.0797   0.0372   0.0337   0.0354  -0.0035
 
 Condensed local electrophilicity/nucleophilicity index (e*eV)
     Atom              Electrophilicity          Nucleophilicity
     1(C )                  0.04938                  0.06188
     2(H )                  0.01933                  0.03331
     3(C )                  0.05432                  0.09770
     4(H )                  0.02059                  0.04024
     5(C )                  0.01363                  0.02391
     6(H )                  0.01479                  0.03588
     7(H )                  0.00887                  0.02638
     8(O )                  0.00416                  0.05136
     9(C )                  0.00579                  0.05234
    10(O )                  0.00907                  0.19307
    11(O )                  0.00401                  0.06358
    12(C )                  0.00148                  0.00533
    13(C )                  0.00179                  0.01748
    14(H )                  0.00137                  0.01342
    15(H )                  0.00510                  0.02782
    16(H )                  0.00138                  0.01392
    17(C )                  0.00149                  0.01468
    18(H )                  0.00107                  0.01335
    19(H )                  0.00027                  0.00666
    20(H )                  0.00561                  0.03117
    21(C )                  0.00145                  0.01278
    22(H )                  0.00111                  0.01373
    23(H )                  0.00550                  0.03108
    24(H )                  0.00017                  0.00597
    25(C )                  0.01182                  0.03505
    26(H )                  0.01612                  0.06573
    27(C )                  0.00973                  0.06132
    28(H )                  0.01208                  0.10483
    29(H )                  0.01347                  0.10089
    30(H )                  0.00981                  0.04905
    31(O )                  0.00461                  0.10548
    32(C )                  0.02289                  0.16667
    33(C )                  0.03769                  0.14968
    34(C )                  0.01375                  0.08826
    35(C )                  0.02112                  0.10476
    36(H )                  0.01862                  0.07776
    37(C )                  0.03932                  0.15340
    38(H )                  0.00850                  0.05646
    39(C )                  0.03310                  0.23925
    40(H )                  0.01572                  0.08005
    41(H )                  0.01958                  0.08466
    42(H )                  0.01881                  0.10082
 
 Condensed local softnesses (Hartree*e) and relative electrophilicity/nucleophilicity (dimensionless)
     Atom         s-          s+          s0        s+/s-       s-/s+
     1(C )      0.0643      0.2492      0.1568      3.8736      0.2582
     2(H )      0.0346      0.0976      0.0661      2.8181      0.3549
     3(C )      0.1016      0.2742      0.1879      2.6993      0.3705
     4(H )      0.0418      0.1039      0.0729      2.4838      0.4026
     5(C )      0.0249      0.0688      0.0468      2.7684      0.3612
     6(H )      0.0373      0.0746      0.0560      2.0006      0.4999
     7(H )      0.0274      0.0448      0.0361      1.6318      0.6128
     8(O )      0.0534      0.0210      0.0372      0.3936      2.5405
     9(C )      0.0544      0.0292      0.0418      0.5367      1.8631
    10(O )      0.2008      0.0458      0.1233      0.2280      4.3859
    11(O )      0.0661      0.0202      0.0432      0.3061      3.2667
    12(C )      0.0055      0.0075      0.0065      1.3466      0.7426
    13(C )      0.0182      0.0090      0.0136      0.4970      2.0120
    14(H )      0.0140      0.0069      0.0104      0.4948      2.0211
    15(H )      0.0289      0.0257      0.0273      0.8900      1.1236
    16(H )      0.0145      0.0070      0.0107      0.4812      2.0780
    17(C )      0.0153      0.0075      0.0114      0.4916      2.0341
    18(H )      0.0139      0.0054      0.0097      0.3909      2.5579
    19(H )      0.0069      0.0014      0.0042      0.1978      5.0552
    20(H )      0.0324      0.0283      0.0304      0.8732      1.1452
    21(C )      0.0133      0.0073      0.0103      0.5492      1.8207
    22(H )      0.0143      0.0056      0.0100      0.3935      2.5413
    23(H )      0.0323      0.0277      0.0300      0.8585      1.1648
    24(H )      0.0062      0.0009      0.0035      0.1423      7.0290
    25(C )      0.0364      0.0597      0.0481      1.6374      0.6107
    26(H )      0.0683      0.0813      0.0748      1.1903      0.8401
    27(C )      0.0638      0.0491      0.0564      0.7702      1.2983
    28(H )      0.1090      0.0610      0.0850      0.5595      1.7873
    29(H )      0.1049      0.0680      0.0864      0.6480      1.5433
    30(H )      0.0510      0.0495      0.0503      0.9713      1.0296
    31(O )      0.1097      0.0233      0.0665      0.2121      4.7148
    32(C )      0.1733      0.1155      0.1444      0.6667      1.4999
    33(C )      0.1556      0.1902      0.1729      1.2223      0.8181
    34(C )      0.0918      0.0694      0.0806      0.7563      1.3222
    35(C )      0.1089      0.1066      0.1078      0.9789      1.0215
    36(H )      0.0809      0.0940      0.0874      1.1627      0.8600
    37(C )      0.1595      0.1985      0.1790      1.2443      0.8037
    38(H )      0.0587      0.0429      0.0508      0.7309      1.3683
    39(C )      0.2488      0.1671      0.2079      0.6717      1.4888
    40(H )      0.0832      0.0793      0.0813      0.9533      1.0490
    41(H )      0.0880      0.0988      0.0934      1.1228      0.8906
    42(H )      0.1048      0.0950      0.0999      0.9058      1.1041
 
 E(N):     -923.834273 Hartree
 E(N+1):   -923.777574 Hartree
 E(N-1):   -923.536242 Hartree
 E_HOMO(N):     -0.235565 Hartree,   -6.4100 eV
 E_HOMO(N+1):    0.111270 Hartree,    3.0278 eV
 E_HOMO(N-1):   -0.364553 Hartree,   -9.9200 eV
 Vertical IP:    0.298032 Hartree,    8.1099 eV
 Vertical EA:   -0.056699 Hartree,   -1.5428 eV
 Mulliken electronegativity:     0.120666 Hartree,    3.2835 eV
 Chemical potential:            -0.120666 Hartree,   -3.2835 eV
 Hardness (=fundamental gap):    0.354730 Hartree,    9.6527 eV
 Softness:    2.819044 Hartree^-1,    0.1036 eV^-1
 Electrophilicity index:    0.020523 Hartree,    0.5585 eV
 Nucleophilicity index:     0.099633 Hartree,    2.7112 eV
