 Note: the E(HOMO) of TCE used for evaluating nucleophilicity index is the value evaluated at B3LYP/6-31G* level
 
 Hirshfeld charges, condensed Fukui functions and condensed dual descriptors
 Units used below are "e" (elementary charge)
     Atom     q(N)    q(N+1)   q(N-1)     f-       f+       f0      CDD
     1(C )  -0.0560  -0.0957  -0.0004   0.0556   0.0397   0.0476  -0.0159
     2(C )  -0.0342  -0.0911   0.0065   0.0407   0.0569   0.0488   0.0162
     3(C )  -0.0164  -0.0649   0.0541   0.0704   0.0485   0.0595  -0.0219
     4(C )  -0.0394  -0.0903   0.0158   0.0553   0.0509   0.0531  -0.0044
     5(C )  -0.0720  -0.1169  -0.0162   0.0558   0.0449   0.0503  -0.0109
     6(C )   0.0774  -0.0008   0.1454   0.0680   0.0782   0.0731   0.0102
     7(H )   0.0476   0.0161   0.0817   0.0341   0.0316   0.0328  -0.0025
     8(H )   0.0455   0.0167   0.0716   0.0262   0.0288   0.0275   0.0026
     9(H )   0.0424   0.0116   0.0752   0.0328   0.0308   0.0318  -0.0020
    10(H )   0.0396   0.0099   0.0712   0.0316   0.0297   0.0307  -0.0019
    11(C )  -0.0375  -0.1255   0.0095   0.0470   0.0881   0.0675   0.0411
    12(H )   0.0396   0.0006   0.0672   0.0276   0.0390   0.0333   0.0114
    13(C )  -0.0505  -0.1675   0.0550   0.1055   0.1170   0.1112   0.0115
    14(H )   0.0424   0.0024   0.0729   0.0304   0.0400   0.0352   0.0096
    15(C )   0.0382   0.0100   0.0553   0.0171   0.0282   0.0226   0.0111
    16(H )   0.0401   0.0079   0.0679   0.0278   0.0322   0.0300   0.0044
    17(H )   0.0416   0.0219   0.0576   0.0161   0.0197   0.0179   0.0036
    18(O )  -0.1311  -0.1376  -0.1248   0.0062   0.0066   0.0064   0.0003
    19(C )   0.2629   0.2514   0.2710   0.0081   0.0115   0.0098   0.0034
    20(O )  -0.2984  -0.3201  -0.2730   0.0254   0.0217   0.0236  -0.0037
    21(O )  -0.1314  -0.1407  -0.1215   0.0099   0.0092   0.0096  -0.0007
    22(C )   0.0121   0.0031   0.0191   0.0070   0.0090   0.0080   0.0020
    23(H )   0.0480   0.0373   0.0573   0.0093   0.0107   0.0100   0.0013
    24(H )   0.0433   0.0355   0.0500   0.0067   0.0078   0.0073   0.0011
    25(H )   0.0431   0.0353   0.0499   0.0068   0.0078   0.0073   0.0010
    26(O )  -0.1303  -0.1685  -0.0476   0.0827   0.0382   0.0604  -0.0445
    27(C )   0.0106  -0.0061   0.0322   0.0216   0.0167   0.0191  -0.0049
    28(H )   0.0371   0.0204   0.0609   0.0238   0.0167   0.0202  -0.0070
    29(H )   0.0487   0.0255   0.0754   0.0267   0.0232   0.0250  -0.0035
    30(H )   0.0370   0.0203   0.0609   0.0238   0.0167   0.0203  -0.0071
 
 Condensed local electrophilicity/nucleophilicity index (e*eV)
     Atom              Electrophilicity          Nucleophilicity
     1(C )                  0.02414                  0.19516
     2(C )                  0.03460                  0.14303
     3(C )                  0.02948                  0.24736
     4(C )                  0.03093                  0.19408
     5(C )                  0.02728                  0.19604
     6(C )                  0.04755                  0.23892
     7(H )                  0.01919                  0.11963
     8(H )                  0.01750                  0.09185
     9(H )                  0.01871                  0.11519
    10(H )                  0.01806                  0.11101
    11(C )                  0.05352                  0.16505
    12(H )                  0.02372                  0.09695
    13(C )                  0.07112                  0.37042
    14(H )                  0.02432                  0.10690
    15(C )                  0.01713                  0.06006
    16(H )                  0.01959                  0.09757
    17(H )                  0.01196                  0.05640
    18(O )                  0.00400                  0.02188
    19(C )                  0.00700                  0.02850
    20(O )                  0.01321                  0.08927
    21(O )                  0.00560                  0.03492
    22(C )                  0.00548                  0.02451
    23(H )                  0.00648                  0.03279
    24(H )                  0.00474                  0.02366
    25(H )                  0.00475                  0.02400
    26(O )                  0.02322                  0.29043
    27(C )                  0.01013                  0.07587
    28(H )                  0.01015                  0.08343
    29(H )                  0.01413                  0.09386
    30(H )                  0.01015                  0.08367
 
 Condensed local softnesses (Hartree*e) and relative electrophilicity/nucleophilicity (dimensionless)
     Atom         s-          s+          s0        s+/s-       s-/s+
     1(C )      0.1813      0.1296      0.1554      0.7146      1.3993
     2(C )      0.1329      0.1858      0.1593      1.3981      0.7153
     3(C )      0.2298      0.1583      0.1940      0.6888      1.4519
     4(C )      0.1803      0.1660      0.1732      0.9208      1.0860
     5(C )      0.1821      0.1464      0.1643      0.8041      1.2437
     6(C )      0.2220      0.2553      0.2386      1.1501      0.8695
     7(H )      0.1111      0.1030      0.1071      0.9269      1.0789
     8(H )      0.0853      0.0939      0.0896      1.1009      0.9084
     9(H )      0.1070      0.1005      0.1037      0.9388      1.0652
    10(H )      0.1031      0.0969      0.1000      0.9399      1.0639
    11(C )      0.1533      0.2873      0.2203      1.8740      0.5336
    12(H )      0.0901      0.1273      0.1087      1.4137      0.7074
    13(C )      0.3441      0.3818      0.3630      1.1095      0.9013
    14(H )      0.0993      0.1306      0.1149      1.3147      0.7606
    15(C )      0.0558      0.0920      0.0739      1.6481      0.6068
    16(H )      0.0906      0.1052      0.0979      1.1601      0.8620
    17(H )      0.0524      0.0642      0.0583      1.2253      0.8161
    18(O )      0.0203      0.0215      0.0209      1.0554      0.9475
    19(C )      0.0265      0.0376      0.0320      1.4188      0.7048
    20(O )      0.0829      0.0709      0.0769      0.8552      1.1693
    21(O )      0.0324      0.0301      0.0313      0.9276      1.0781
    22(C )      0.0228      0.0294      0.0261      1.2927      0.7736
    23(H )      0.0305      0.0348      0.0326      1.1427      0.8751
    24(H )      0.0220      0.0254      0.0237      1.1573      0.8641
    25(H )      0.0223      0.0255      0.0239      1.1432      0.8747
    26(O )      0.2698      0.1247      0.1972      0.4620      2.1644
    27(C )      0.0705      0.0544      0.0624      0.7713      1.2966
    28(H )      0.0775      0.0545      0.0660      0.7032      1.4220
    29(H )      0.0872      0.0758      0.0815      0.8698      1.1496
    30(H )      0.0777      0.0545      0.0661      0.7008      1.4269
 
 E(N):     -766.583438 Hartree
 E(N+1):   -766.547220 Hartree
 E(N-1):   -766.313208 Hartree
 E_HOMO(N):     -0.206119 Hartree,   -5.6088 eV
 E_HOMO(N+1):    0.099235 Hartree,    2.7003 eV
 E_HOMO(N-1):   -0.379309 Hartree,  -10.3215 eV
 Vertical IP:    0.270230 Hartree,    7.3533 eV
 Vertical EA:   -0.036218 Hartree,   -0.9855 eV
 Mulliken electronegativity:     0.117006 Hartree,    3.1839 eV
 Chemical potential:            -0.117006 Hartree,   -3.1839 eV
 Hardness (=fundamental gap):    0.306447 Hartree,    8.3389 eV
 Softness:    3.263205 Hartree^-1,    0.1199 eV^-1
 Electrophilicity index:    0.022337 Hartree,    0.6078 eV
 Nucleophilicity index:     0.129079 Hartree,    3.5124 eV
