 Note: the E(HOMO) of TCE used for evaluating nucleophilicity index is the value evaluated at B3LYP/6-31G* level
 
 Hirshfeld charges, condensed Fukui functions and condensed dual descriptors
 Units used below are "e" (elementary charge)
     Atom     q(N)    q(N+1)   q(N-1)     f-       f+       f0      CDD
     1(C )  -0.0309  -0.1845   0.0743   0.1051   0.1537   0.1294   0.0486
     2(H )   0.0367  -0.0168   0.0699   0.0332   0.0535   0.0433   0.0203
     3(C )  -0.0520  -0.1988   0.0633   0.1153   0.1467   0.1310   0.0315
     4(H )   0.0406  -0.0169   0.0797   0.0392   0.0574   0.0483   0.0183
     5(C )   0.0359  -0.0059   0.0554   0.0195   0.0418   0.0307   0.0223
     6(H )   0.0387  -0.0049   0.0715   0.0328   0.0436   0.0382   0.0109
     7(H )   0.0397   0.0148   0.0593   0.0196   0.0249   0.0222   0.0053
     8(O )  -0.1344  -0.1510  -0.1055   0.0289   0.0166   0.0227  -0.0123
     9(C )   0.2663   0.2440   0.2959   0.0296   0.0223   0.0259  -0.0073
    10(O )  -0.2855  -0.3144  -0.1774   0.1080   0.0289   0.0685  -0.0791
    11(O )  -0.1267  -0.1411  -0.0900   0.0367   0.0144   0.0255  -0.0223
    12(C )   0.1008   0.0940   0.1047   0.0038   0.0069   0.0054   0.0031
    13(C )  -0.0872  -0.0963  -0.0761   0.0111   0.0091   0.0101  -0.0021
    14(H )   0.0354   0.0288   0.0434   0.0080   0.0066   0.0073  -0.0014
    15(H )   0.0354   0.0133   0.0516   0.0162   0.0220   0.0191   0.0058
    16(H )   0.0352   0.0282   0.0442   0.0090   0.0070   0.0080  -0.0019
    17(C )  -0.0934  -0.1013  -0.0841   0.0093   0.0079   0.0086  -0.0014
    18(H )   0.0327   0.0269   0.0405   0.0079   0.0058   0.0068  -0.0021
    19(H )   0.0340   0.0302   0.0390   0.0051   0.0038   0.0044  -0.0013
    20(H )   0.0341   0.0111   0.0521   0.0180   0.0230   0.0205   0.0050
    21(C )  -0.0933  -0.1010  -0.0854   0.0079   0.0077   0.0078  -0.0002
    22(H )   0.0326   0.0262   0.0413   0.0087   0.0064   0.0076  -0.0023
    23(H )   0.0342   0.0126   0.0522   0.0179   0.0216   0.0198   0.0036
    24(H )   0.0341   0.0308   0.0388   0.0046   0.0033   0.0040  -0.0014
    25(C )  -0.0147  -0.0301   0.0079   0.0226   0.0154   0.0190  -0.0072
    26(C )  -0.0495  -0.0648  -0.0262   0.0233   0.0153   0.0193  -0.0080
    27(C )  -0.0490  -0.0643  -0.0268   0.0221   0.0153   0.0187  -0.0068
    28(H )   0.0317   0.0142   0.0500   0.0182   0.0175   0.0179  -0.0007
    29(C )  -0.0513  -0.0589  -0.0400   0.0113   0.0076   0.0095  -0.0037
    30(H )   0.0276   0.0152   0.0455   0.0178   0.0124   0.0151  -0.0054
    31(H )   0.0266  -0.0059   0.0535   0.0268   0.0326   0.0297   0.0057
    32(C )  -0.0511  -0.0589  -0.0401   0.0110   0.0077   0.0094  -0.0033
    33(H )   0.0293   0.0172   0.0463   0.0170   0.0121   0.0145  -0.0049
    34(H )   0.0267  -0.0063   0.0528   0.0261   0.0330   0.0295   0.0069
    35(C )  -0.0512  -0.0586  -0.0407   0.0105   0.0074   0.0089  -0.0032
    36(H )   0.0249   0.0186   0.0306   0.0058   0.0063   0.0060   0.0005
    37(H )   0.0293   0.0074   0.0569   0.0276   0.0219   0.0247  -0.0057
    38(H )   0.0294   0.0077   0.0564   0.0270   0.0217   0.0244  -0.0053
    39(H )   0.0252   0.0185   0.0305   0.0053   0.0068   0.0060   0.0015
    40(H )   0.0282   0.0104   0.0465   0.0182   0.0179   0.0181  -0.0004
    41(H )   0.0248   0.0105   0.0386   0.0138   0.0143   0.0141   0.0005
 
 Condensed local electrophilicity/nucleophilicity index (e*eV)
     Atom              Electrophilicity          Nucleophilicity
     1(C )                  0.07197                  0.24313
     2(H )                  0.02504                  0.07672
     3(C )                  0.06871                  0.26655
     4(H )                  0.02690                  0.09054
     5(C )                  0.01957                  0.04516
     6(H )                  0.02043                  0.07578
     7(H )                  0.01166                  0.04532
     8(O )                  0.00775                  0.06675
     9(C )                  0.01043                  0.06849
    10(O )                  0.01354                  0.24985
    11(O )                  0.00674                  0.08487
    12(C )                  0.00323                  0.00887
    13(C )                  0.00424                  0.02573
    14(H )                  0.00309                  0.01859
    15(H )                  0.01031                  0.03756
    16(H )                  0.00330                  0.02071
    17(C )                  0.00371                  0.02148
    18(H )                  0.00272                  0.01819
    19(H )                  0.00176                  0.01174
    20(H )                  0.01077                  0.04168
    21(C )                  0.00361                  0.01824
    22(H )                  0.00301                  0.02019
    23(H )                  0.01010                  0.04150
    24(H )                  0.00154                  0.01073
    25(C )                  0.00721                  0.05230
    26(C )                  0.00715                  0.05378
    27(C )                  0.00718                  0.05118
    28(H )                  0.00819                  0.04217
    29(C )                  0.00357                  0.02617
    30(H )                  0.00582                  0.04126
    31(H )                  0.01524                  0.06200
    32(C )                  0.00362                  0.02550
    33(H )                  0.00566                  0.03930
    34(H )                  0.01544                  0.06034
    35(C )                  0.00345                  0.02435
    36(H )                  0.00294                  0.01333
    37(H )                  0.01024                  0.06378
    38(H )                  0.01017                  0.06245
    39(H )                  0.00317                  0.01223
    40(H )                  0.00837                  0.04218
    41(H )                  0.00671                  0.03187
 
 Condensed local softnesses (Hartree*e) and relative electrophilicity/nucleophilicity (dimensionless)
     Atom         s-          s+          s0        s+/s-       s-/s+
     1(C )      0.2644      0.3865      0.3254      1.4618      0.6841
     2(H )      0.0834      0.1345      0.1089      1.6118      0.6204
     3(C )      0.2898      0.3690      0.3294      1.2731      0.7855
     4(H )      0.0985      0.1445      0.1215      1.4673      0.6815
     5(C )      0.0491      0.1051      0.0771      2.1407      0.4671
     6(H )      0.0824      0.1097      0.0961      1.3315      0.7510
     7(H )      0.0493      0.0626      0.0559      1.2705      0.7871
     8(O )      0.0726      0.0416      0.0571      0.5736      1.7434
     9(C )      0.0745      0.0560      0.0653      0.7524      1.3292
    10(O )      0.2717      0.0727      0.1722      0.2676      3.7363
    11(O )      0.0923      0.0362      0.0642      0.3921      2.5503
    12(C )      0.0096      0.0173      0.0135      1.7978      0.5562
    13(C )      0.0280      0.0228      0.0254      0.8137      1.2289
    14(H )      0.0202      0.0166      0.0184      0.8199      1.2197
    15(H )      0.0408      0.0554      0.0481      1.3556      0.7377
    16(H )      0.0225      0.0177      0.0201      0.7871      1.2705
    17(C )      0.0234      0.0199      0.0216      0.8531      1.1722
    18(H )      0.0198      0.0146      0.0172      0.7374      1.3562
    19(H )      0.0128      0.0095      0.0111      0.7422      1.3473
    20(H )      0.0453      0.0578      0.0516      1.2759      0.7837
    21(C )      0.0198      0.0194      0.0196      0.9780      1.0225
    22(H )      0.0220      0.0162      0.0191      0.7362      1.3584
    23(H )      0.0451      0.0543      0.0497      1.2023      0.8317
    24(H )      0.0117      0.0082      0.0100      0.7070      1.4144
    25(C )      0.0569      0.0387      0.0478      0.6807      1.4691
    26(C )      0.0585      0.0384      0.0484      0.6570      1.5221
    27(C )      0.0556      0.0386      0.0471      0.6931      1.4429
    28(H )      0.0459      0.0440      0.0449      0.9593      1.0424
    29(C )      0.0285      0.0191      0.0238      0.6729      1.4862
    30(H )      0.0449      0.0312      0.0381      0.6961      1.4366
    31(H )      0.0674      0.0819      0.0746      1.2143      0.8235
    32(C )      0.0277      0.0194      0.0236      0.7012      1.4261
    33(H )      0.0427      0.0304      0.0366      0.7116      1.4053
    34(H )      0.0656      0.0829      0.0743      1.2635      0.7914
    35(C )      0.0265      0.0185      0.0225      0.6994      1.4298
    36(H )      0.0145      0.0158      0.0151      1.0887      0.9185
    37(H )      0.0694      0.0550      0.0622      0.7926      1.2617
    38(H )      0.0679      0.0546      0.0613      0.8039      1.2440
    39(H )      0.0133      0.0170      0.0152      1.2813      0.7805
    40(H )      0.0459      0.0449      0.0454      0.9799      1.0205
    41(H )      0.0347      0.0360      0.0353      1.0398      0.9617
 
 E(N):     -773.632416 Hartree
 E(N+1):   -773.550565 Hartree
 E(N-1):   -773.316585 Hartree
 E_HOMO(N):     -0.250216 Hartree,   -6.8087 eV
 E_HOMO(N+1):    0.146605 Hartree,    3.9893 eV
 E_HOMO(N-1):   -0.407095 Hartree,  -11.0776 eV
 Vertical IP:    0.315831 Hartree,    8.5942 eV
 Vertical EA:   -0.081851 Hartree,   -2.2273 eV
 Mulliken electronegativity:     0.116990 Hartree,    3.1835 eV
 Chemical potential:            -0.116990 Hartree,   -3.1835 eV
 Hardness (=fundamental gap):    0.397681 Hartree,   10.8215 eV
 Softness:    2.514576 Hartree^-1,    0.0924 eV^-1
 Electrophilicity index:    0.017208 Hartree,    0.4683 eV
 Nucleophilicity index:     0.084982 Hartree,    2.3125 eV
