 Note: the E(HOMO) of TCE used for evaluating nucleophilicity index is the value evaluated at B3LYP/6-31G* level
 
 Hirshfeld charges, condensed Fukui functions and condensed dual descriptors
 Units used below are "e" (elementary charge)
     Atom     q(N)    q(N+1)   q(N-1)     f-       f+       f0      CDD
     1(C )  -0.0410  -0.0887  -0.0006   0.0404   0.0477   0.0441   0.0073
     2(C )  -0.0541  -0.0977   0.0426   0.0967   0.0435   0.0701  -0.0532
     3(C )  -0.0014  -0.0586   0.0442   0.0456   0.0571   0.0514   0.0115
     4(C )  -0.0578  -0.1182  -0.0308   0.0270   0.0604   0.0437   0.0334
     5(C )   0.0746   0.0321   0.1320   0.0574   0.0425   0.0500  -0.0148
     6(C )  -0.0717  -0.1563   0.0242   0.0959   0.0846   0.0902  -0.0113
     7(H )   0.0443   0.0105   0.0773   0.0330   0.0338   0.0334   0.0008
     8(H )   0.0413   0.0154   0.0763   0.0350   0.0259   0.0304  -0.0091
     9(C )  -0.0354  -0.1193   0.0061   0.0415   0.0839   0.0627   0.0423
    10(H )   0.0412   0.0035   0.0671   0.0259   0.0377   0.0318   0.0118
    11(C )  -0.0425  -0.1617   0.0389   0.0814   0.1192   0.1003   0.0377
    12(H )   0.0444   0.0042   0.0680   0.0236   0.0402   0.0319   0.0166
    13(C )   0.0375   0.0101   0.0521   0.0146   0.0275   0.0210   0.0129
    14(H )   0.0403   0.0075   0.0647   0.0245   0.0327   0.0286   0.0083
    15(H )   0.0413   0.0221   0.0558   0.0145   0.0193   0.0169   0.0048
    16(O )  -0.1335  -0.1386  -0.1254   0.0082   0.0050   0.0066  -0.0031
    17(C )   0.2668   0.2566   0.2774   0.0106   0.0102   0.0104  -0.0004
    18(O )  -0.2845  -0.3031  -0.2468   0.0377   0.0186   0.0281  -0.0191
    19(O )  -0.1261  -0.1327  -0.1140   0.0121   0.0066   0.0093  -0.0055
    20(C )   0.1010   0.0989   0.1022   0.0012   0.0021   0.0016   0.0009
    21(C )  -0.0871  -0.0900  -0.0834   0.0038   0.0029   0.0033  -0.0009
    22(H )   0.0356   0.0338   0.0380   0.0024   0.0018   0.0021  -0.0006
    23(H )   0.0355   0.0265   0.0444   0.0089   0.0090   0.0090   0.0001
    24(H )   0.0353   0.0330   0.0383   0.0029   0.0023   0.0026  -0.0006
    25(C )  -0.0932  -0.0955  -0.0901   0.0031   0.0023   0.0027  -0.0008
    26(H )   0.0330   0.0318   0.0350   0.0020   0.0012   0.0016  -0.0008
    27(H )   0.0341   0.0338   0.0349   0.0009   0.0003   0.0006  -0.0006
    28(H )   0.0343   0.0242   0.0443   0.0099   0.0101   0.0100   0.0002
    29(C )  -0.0933  -0.0958  -0.0903   0.0030   0.0025   0.0028  -0.0005
    30(H )   0.0326   0.0305   0.0355   0.0029   0.0021   0.0025  -0.0008
    31(H )   0.0344   0.0244   0.0443   0.0100   0.0100   0.0100   0.0000
    32(H )   0.0342   0.0338   0.0351   0.0009   0.0004   0.0007  -0.0005
    33(H )   0.0390  -0.0004   0.0770   0.0380   0.0394   0.0387   0.0015
    34(H )   0.0441   0.0114   0.0712   0.0271   0.0327   0.0299   0.0056
    35(O )  -0.1329  -0.1559  -0.0617   0.0712   0.0230   0.0471  -0.0482
    36(C )   0.0096  -0.0038   0.0284   0.0188   0.0134   0.0161  -0.0053
    37(H )   0.0479   0.0262   0.0737   0.0258   0.0217   0.0237  -0.0041
    38(H )   0.0363   0.0232   0.0571   0.0208   0.0131   0.0169  -0.0077
    39(H )   0.0361   0.0230   0.0570   0.0209   0.0131   0.0170  -0.0077
 
 Condensed local electrophilicity/nucleophilicity index (e*eV)
     Atom              Electrophilicity          Nucleophilicity
     1(C )                  0.03200                  0.13148
     2(C )                  0.02919                  0.31479
     3(C )                  0.03830                  0.14846
     4(C )                  0.04050                  0.08794
     5(C )                  0.02853                  0.18671
     6(C )                  0.05672                  0.31201
     7(H )                  0.02268                  0.10741
     8(H )                  0.01736                  0.11381
     9(C )                  0.05624                  0.13520
    10(H )                  0.02528                  0.08422
    11(C )                  0.07992                  0.26508
    12(H )                  0.02699                  0.07681
    13(C )                  0.01842                  0.04752
    14(H )                  0.02195                  0.07966
    15(H )                  0.01291                  0.04717
    16(O )                  0.00336                  0.02653
    17(C )                  0.00687                  0.03458
    18(O )                  0.01247                  0.12269
    19(O )                  0.00441                  0.03937
    20(C )                  0.00141                  0.00388
    21(C )                  0.00193                  0.01223
    22(H )                  0.00121                  0.00776
    23(H )                  0.00606                  0.02905
    24(H )                  0.00156                  0.00958
    25(C )                  0.00155                  0.01000
    26(H )                  0.00081                  0.00663
    27(H )                  0.00019                  0.00279
    28(H )                  0.00680                  0.03237
    29(C )                  0.00169                  0.00986
    30(H )                  0.00138                  0.00938
    31(H )                  0.00671                  0.03242
    32(H )                  0.00026                  0.00299
    33(H )                  0.02643                  0.12358
    34(H )                  0.02192                  0.08834
    35(O )                  0.01543                  0.23178
    36(C )                  0.00901                  0.06103
    37(H )                  0.01452                  0.08396
    38(H )                  0.00877                  0.06771
    39(H )                  0.00881                  0.06794
 
 Condensed local softnesses (Hartree*e) and relative electrophilicity/nucleophilicity (dimensionless)
     Atom         s-          s+          s0        s+/s-       s-/s+
     1(C )      0.1296      0.1531      0.1413      1.1813      0.8465
     2(C )      0.3103      0.1396      0.2250      0.4500      2.2220
     3(C )      0.1463      0.1832      0.1648      1.2521      0.7986
     4(C )      0.0867      0.1937      0.1402      2.2353      0.4474
     5(C )      0.1840      0.1365      0.1603      0.7416      1.3484
     6(C )      0.3075      0.2714      0.2894      0.8824      1.1333
     7(H )      0.1059      0.1085      0.1072      1.0251      0.9755
     8(H )      0.1122      0.0831      0.0976      0.7405      1.3505
     9(C )      0.1333      0.2690      0.2012      2.0189      0.4953
    10(H )      0.0830      0.1210      0.1020      1.4571      0.6863
    11(C )      0.2613      0.3823      0.3218      1.4633      0.6834
    12(H )      0.0757      0.1291      0.1024      1.7055      0.5863
    13(C )      0.0468      0.0881      0.0675      1.8809      0.5317
    14(H )      0.0785      0.1050      0.0918      1.3374      0.7477
    15(H )      0.0465      0.0618      0.0541      1.3283      0.7529
    16(O )      0.0262      0.0161      0.0211      0.6154      1.6249
    17(C )      0.0341      0.0328      0.0335      0.9636      1.0377
    18(O )      0.1209      0.0597      0.0903      0.4933      2.0273
    19(O )      0.0388      0.0211      0.0299      0.5431      1.8411
    20(C )      0.0038      0.0067      0.0053      1.7631      0.5672
    21(C )      0.0121      0.0092      0.0106      0.7642      1.3086
    22(H )      0.0076      0.0058      0.0067      0.7595      1.3167
    23(H )      0.0286      0.0290      0.0288      1.0126      0.9875
    24(H )      0.0094      0.0075      0.0085      0.7923      1.2622
    25(C )      0.0099      0.0074      0.0086      0.7539      1.3265
    26(H )      0.0065      0.0039      0.0052      0.5921      1.6888
    27(H )      0.0027      0.0009      0.0018      0.3315      3.0162
    28(H )      0.0319      0.0325      0.0322      1.0192      0.9811
    29(C )      0.0097      0.0081      0.0089      0.8307      1.2038
    30(H )      0.0092      0.0066      0.0079      0.7164      1.3958
    31(H )      0.0320      0.0321      0.0320      1.0045      0.9955
    32(H )      0.0030      0.0013      0.0021      0.4289      2.3314
    33(H )      0.1218      0.1265      0.1241      1.0382      0.9632
    34(H )      0.0871      0.1049      0.0960      1.2046      0.8302
    35(O )      0.2285      0.0738      0.1511      0.3231      3.0945
    36(C )      0.0602      0.0431      0.0516      0.7166      1.3956
    37(H )      0.0828      0.0695      0.0761      0.8397      1.1909
    38(H )      0.0667      0.0420      0.0544      0.6289      1.5900
    39(H )      0.0670      0.0421      0.0546      0.6294      1.5889
 
 E(N):     -884.534070 Hartree
 E(N+1):   -884.502163 Hartree
 E(N-1):   -884.254271 Hartree
 E_HOMO(N):     -0.215588 Hartree,   -5.8664 eV
 E_HOMO(N+1):    0.095066 Hartree,    2.5869 eV
 E_HOMO(N-1):   -0.366936 Hartree,   -9.9848 eV
 Vertical IP:    0.279799 Hartree,    7.6137 eV
 Vertical EA:   -0.031907 Hartree,   -0.8682 eV
 Mulliken electronegativity:     0.123946 Hartree,    3.3727 eV
 Chemical potential:            -0.123946 Hartree,   -3.3727 eV
 Hardness (=fundamental gap):    0.311707 Hartree,    8.4820 eV
 Softness:    3.208145 Hartree^-1,    0.1179 eV^-1
 Electrophilicity index:    0.024643 Hartree,    0.6706 eV
 Nucleophilicity index:     0.119610 Hartree,    3.2548 eV
