 Note: the E(HOMO) of TCE used for evaluating nucleophilicity index is the value evaluated at B3LYP/6-31G* level
 
 Hirshfeld charges, condensed Fukui functions and condensed dual descriptors
 Units used below are "e" (elementary charge)
     Atom     q(N)    q(N+1)   q(N-1)     f-       f+       f0      CDD
     1(C )  -0.0452  -0.0825  -0.0037   0.0416   0.0373   0.0394  -0.0042
     2(C )  -0.0416  -0.1033   0.0197   0.0613   0.0616   0.0615   0.0003
     3(C )  -0.0109  -0.0659   0.0632   0.0741   0.0550   0.0645  -0.0191
     4(C )  -0.0458  -0.0876  -0.0035   0.0422   0.0418   0.0420  -0.0004
     5(C )  -0.0007  -0.0421   0.0446   0.0453   0.0414   0.0434  -0.0040
     6(C )   0.0008  -0.0780   0.0989   0.0981   0.0788   0.0884  -0.0193
     7(H )   0.0378   0.0076   0.0700   0.0322   0.0301   0.0312  -0.0020
     8(H )   0.0400   0.0089   0.0694   0.0293   0.0311   0.0302   0.0018
     9(H )   0.0352   0.0071   0.0650   0.0297   0.0282   0.0289  -0.0016
    10(C )  -0.0339  -0.1130   0.0155   0.0494   0.0790   0.0642   0.0296
    11(H )   0.0370  -0.0008   0.0668   0.0298   0.0378   0.0338   0.0080
    12(C )  -0.0402  -0.1575   0.0793   0.1194   0.1174   0.1184  -0.0020
    13(H )   0.0403  -0.0008   0.0735   0.0332   0.0412   0.0372   0.0079
    14(C )   0.0426   0.0173   0.0598   0.0171   0.0253   0.0212   0.0082
    15(H )   0.0397   0.0081   0.0686   0.0289   0.0316   0.0302   0.0027
    16(H )   0.0400   0.0213   0.0566   0.0165   0.0188   0.0176   0.0022
    17(O )  -0.1396  -0.1448  -0.1353   0.0043   0.0052   0.0048   0.0009
    18(C )   0.2818   0.2723   0.2876   0.0058   0.0095   0.0076   0.0037
    19(O )  -0.3024  -0.3219  -0.2845   0.0179   0.0195   0.0187   0.0016
    20(O )  -0.1390  -0.1463  -0.1319   0.0071   0.0073   0.0072   0.0002
    21(C )   0.0176   0.0109   0.0233   0.0057   0.0067   0.0062   0.0010
    22(H )   0.0482   0.0389   0.0565   0.0083   0.0093   0.0088   0.0009
    23(H )   0.0423   0.0359   0.0480   0.0057   0.0064   0.0060   0.0007
    24(H )   0.0421   0.0352   0.0484   0.0063   0.0069   0.0066   0.0006
    25(C )  -0.0786  -0.0926  -0.0636   0.0150   0.0140   0.0145  -0.0010
    26(H )   0.0351   0.0175   0.0552   0.0202   0.0176   0.0189  -0.0026
    27(H )   0.0351   0.0142   0.0568   0.0217   0.0209   0.0213  -0.0008
    28(H )   0.0352   0.0140   0.0572   0.0220   0.0213   0.0216  -0.0008
    29(C )  -0.0788  -0.0998  -0.0554   0.0234   0.0210   0.0222  -0.0024
    30(H )   0.0351   0.0069   0.0674   0.0322   0.0283   0.0303  -0.0040
    31(H )   0.0354   0.0066   0.0681   0.0326   0.0289   0.0308  -0.0038
    32(H )   0.0353   0.0142   0.0589   0.0235   0.0211   0.0223  -0.0025
 
 Condensed local electrophilicity/nucleophilicity index (e*eV)
     Atom              Electrophilicity          Nucleophilicity
     1(C )                  0.03048                  0.07319
     2(C )                  0.05035                  0.10799
     3(C )                  0.04493                  0.13044
     4(C )                  0.03415                  0.07439
     5(C )                  0.03379                  0.07984
     6(C )                  0.06437                  0.17274
     7(H )                  0.02462                  0.05667
     8(H )                  0.02542                  0.05167
     9(H )                  0.02300                  0.05238
    10(C )                  0.06456                  0.08702
    11(H )                  0.03091                  0.05249
    12(C )                  0.09590                  0.21030
    13(H )                  0.03362                  0.05853
    14(C )                  0.02067                  0.03016
    15(H )                  0.02580                  0.05083
    16(H )                  0.01532                  0.02912
    17(O )                  0.00427                  0.00756
    18(C )                  0.00774                  0.01022
    19(O )                  0.01592                  0.03151
    20(O )                  0.00593                  0.01247
    21(C )                  0.00548                  0.01010
    22(H )                  0.00757                  0.01464
    23(H )                  0.00520                  0.00999
    24(H )                  0.00562                  0.01102
    25(C )                  0.01140                  0.02638
    26(H )                  0.01436                  0.03552
    27(H )                  0.01707                  0.03815
    28(H )                  0.01737                  0.03879
    29(C )                  0.01717                  0.04119
    30(H )                  0.02311                  0.05678
    31(H )                  0.02359                  0.05746
    32(H )                  0.01721                  0.04146
 
 Condensed local softnesses (Hartree*e) and relative electrophilicity/nucleophilicity (dimensionless)
     Atom         s-          s+          s0        s+/s-       s-/s+
     1(C )      0.1299      0.1166      0.1233      0.8978      1.1138
     2(C )      0.1917      0.1926      0.1922      1.0050      0.9950
     3(C )      0.2315      0.1719      0.2017      0.7425      1.3468
     4(C )      0.1320      0.1307      0.1313      0.9895      1.0106
     5(C )      0.1417      0.1293      0.1355      0.9123      1.0961
     6(C )      0.3066      0.2463      0.2765      0.8033      1.2449
     7(H )      0.1006      0.0942      0.0974      0.9367      1.0676
     8(H )      0.0917      0.0973      0.0945      1.0605      0.9430
     9(H )      0.0930      0.0880      0.0905      0.9465      1.0565
    10(C )      0.1545      0.2470      0.2007      1.5993      0.6253
    11(H )      0.0932      0.1183      0.1057      1.2692      0.7879
    12(C )      0.3733      0.3669      0.3701      0.9830      1.0173
    13(H )      0.1039      0.1286      0.1163      1.2381      0.8077
    14(C )      0.0535      0.0791      0.0663      1.4773      0.6769
    15(H )      0.0902      0.0987      0.0945      1.0943      0.9138
    16(H )      0.0517      0.0586      0.0552      1.1343      0.8816
    17(O )      0.0134      0.0164      0.0149      1.2194      0.8201
    18(C )      0.0181      0.0296      0.0239      1.6334      0.6122
    19(O )      0.0559      0.0609      0.0584      1.0892      0.9181
    20(O )      0.0221      0.0227      0.0224      1.0254      0.9752
    21(C )      0.0179      0.0210      0.0194      1.1708      0.8541
    22(H )      0.0260      0.0290      0.0275      1.1142      0.8975
    23(H )      0.0177      0.0199      0.0188      1.1220      0.8913
    24(H )      0.0196      0.0215      0.0205      1.1007      0.9085
    25(C )      0.0468      0.0436      0.0452      0.9315      1.0736
    26(H )      0.0630      0.0549      0.0590      0.8715      1.1475
    27(H )      0.0677      0.0653      0.0665      0.9647      1.0366
    28(H )      0.0688      0.0665      0.0677      0.9656      1.0356
    29(C )      0.0731      0.0657      0.0694      0.8986      1.1129
    30(H )      0.1008      0.0884      0.0946      0.8772      1.1400
    31(H )      0.1020      0.0903      0.0961      0.8850      1.1299
    32(H )      0.0736      0.0658      0.0697      0.8945      1.1179
 
 E(N):     -729.838412 Hartree
 E(N+1):   -729.817049 Hartree
 E(N-1):   -729.539854 Hartree
 E_HOMO(N):     -0.270482 Hartree,   -7.3602 eV
 E_HOMO(N+1):    0.436579 Hartree,   11.8799 eV
 E_HOMO(N-1):    0.436579 Hartree,   11.8799 eV
 Vertical IP:    0.298558 Hartree,    8.1242 eV
 Vertical EA:   -0.021363 Hartree,   -0.5813 eV
 Mulliken electronegativity:     0.138597 Hartree,    3.7714 eV
 Chemical potential:            -0.138597 Hartree,   -3.7714 eV
 Hardness (=fundamental gap):    0.319921 Hartree,    8.7055 eV
 Softness:    3.125770 Hartree^-1,    0.1149 eV^-1
 Electrophilicity index:    0.030022 Hartree,    0.8169 eV
 Nucleophilicity index:     0.064716 Hartree,    1.7610 eV
