 Note: the E(HOMO) of TCE used for evaluating nucleophilicity index is the value evaluated at B3LYP/6-31G* level
 
 Hirshfeld charges, condensed Fukui functions and condensed dual descriptors
 Units used below are "e" (elementary charge)
     Atom     q(N)    q(N+1)   q(N-1)     f-       f+       f0      CDD
     1(C )  -0.0439  -0.0887   0.0119   0.0558   0.0448   0.0503  -0.0110
     2(C )  -0.0386  -0.0940   0.0080   0.0466   0.0554   0.0510   0.0088
     3(C )  -0.0096  -0.0639   0.0664   0.0760   0.0544   0.0652  -0.0216
     4(C )   0.0052  -0.0386   0.0676   0.0623   0.0439   0.0531  -0.0185
     5(C )  -0.0461  -0.0918  -0.0077   0.0384   0.0457   0.0421   0.0073
     6(C )  -0.0401  -0.1368   0.0711   0.1112   0.0968   0.1040  -0.0144
     7(H )   0.0415   0.0077   0.0779   0.0364   0.0339   0.0351  -0.0025
     8(H )   0.0383   0.0082   0.0661   0.0278   0.0302   0.0290   0.0024
     9(C )  -0.0351  -0.1135   0.0211   0.0562   0.0784   0.0673   0.0223
    10(H )   0.0367  -0.0005   0.0672   0.0305   0.0372   0.0338   0.0068
    11(C )  -0.0359  -0.1553   0.0879   0.1237   0.1194   0.1216  -0.0043
    12(H )   0.0410  -0.0013   0.0767   0.0357   0.0424   0.0390   0.0067
    13(C )   0.0429   0.0176   0.0609   0.0181   0.0253   0.0217   0.0072
    14(H )   0.0404   0.0080   0.0715   0.0311   0.0324   0.0317   0.0013
    15(H )   0.0409   0.0211   0.0586   0.0177   0.0198   0.0188   0.0021
    16(O )  -0.1389  -0.1435  -0.1341   0.0048   0.0046   0.0047  -0.0001
    17(C )   0.2821   0.2729   0.2881   0.0060   0.0092   0.0076   0.0032
    18(O )  -0.3017  -0.3213  -0.2829   0.0188   0.0195   0.0192   0.0007
    19(O )  -0.1386  -0.1460  -0.1309   0.0077   0.0074   0.0076  -0.0004
    20(C )   0.0177   0.0110   0.0238   0.0060   0.0068   0.0064   0.0007
    21(H )   0.0484   0.0390   0.0572   0.0088   0.0095   0.0091   0.0006
    22(H )   0.0425   0.0358   0.0486   0.0062   0.0067   0.0064   0.0005
    23(H )   0.0423   0.0356   0.0487   0.0064   0.0068   0.0066   0.0004
    24(H )   0.0419  -0.0066   0.0878   0.0460   0.0485   0.0472   0.0025
    25(H )   0.0377   0.0042   0.0705   0.0328   0.0336   0.0332   0.0007
    26(C )  -0.0793  -0.0962  -0.0617   0.0176   0.0169   0.0173  -0.0007
    27(H )   0.0356   0.0131   0.0596   0.0241   0.0225   0.0233  -0.0016
    28(H )   0.0366   0.0136   0.0590   0.0224   0.0230   0.0227   0.0006
    29(H )   0.0358   0.0106   0.0609   0.0251   0.0252   0.0252   0.0002
 
 Condensed local electrophilicity/nucleophilicity index (e*eV)
     Atom              Electrophilicity          Nucleophilicity
     1(C )                  0.03851                  0.08449
     2(C )                  0.04756                  0.07059
     3(C )                  0.04668                  0.11501
     4(C )                  0.03768                  0.09436
     5(C )                  0.03926                  0.05810
     6(C )                  0.08309                  0.16835
     7(H )                  0.02909                  0.05511
     8(H )                  0.02590                  0.04209
     9(C )                  0.06733                  0.08502
    10(H )                  0.03196                  0.04610
    11(C )                  0.10255                  0.18735
    12(H )                  0.03639                  0.05404
    13(C )                  0.02170                  0.02733
    14(H )                  0.02781                  0.04707
    15(H )                  0.01701                  0.02682
    16(O )                  0.00397                  0.00719
    17(C )                  0.00792                  0.00907
    18(O )                  0.01676                  0.02851
    19(O )                  0.00634                  0.01172
    20(C )                  0.00582                  0.00914
    21(H )                  0.00812                  0.01332
    22(H )                  0.00572                  0.00934
    23(H )                  0.00582                  0.00964
    24(H )                  0.04163                  0.06957
    25(H )                  0.02881                  0.04970
    26(C )                  0.01454                  0.02670
    27(H )                  0.01933                  0.03643
    28(H )                  0.01974                  0.03387
    29(H )                  0.02168                  0.03797
 
 Condensed local softnesses (Hartree*e) and relative electrophilicity/nucleophilicity (dimensionless)
     Atom         s-          s+          s0        s+/s-       s-/s+
     1(C )      0.1691      0.1359      0.1525      0.8035      1.2445
     2(C )      0.1413      0.1678      0.1546      1.1879      0.8418
     3(C )      0.2302      0.1647      0.1975      0.7156      1.3974
     4(C )      0.1889      0.1330      0.1609      0.7040      1.4205
     5(C )      0.1163      0.1386      0.1274      1.1914      0.8393
     6(C )      0.3370      0.2932      0.3151      0.8701      1.1492
     7(H )      0.1103      0.1027      0.1065      0.9308      1.0744
     8(H )      0.0842      0.0914      0.0878      1.0848      0.9218
     9(C )      0.1702      0.2376      0.2039      1.3963      0.7162
    10(H )      0.0923      0.1128      0.1025      1.2224      0.8181
    11(C )      0.3750      0.3619      0.3684      0.9651      1.0362
    12(H )      0.1082      0.1284      0.1183      1.1872      0.8423
    13(C )      0.0547      0.0766      0.0656      1.3998      0.7144
    14(H )      0.0942      0.0981      0.0962      1.0415      0.9602
    15(H )      0.0537      0.0600      0.0569      1.1186      0.8940
    16(O )      0.0144      0.0140      0.0142      0.9730      1.0278
    17(C )      0.0182      0.0279      0.0231      1.5390      0.6498
    18(O )      0.0571      0.0591      0.0581      1.0364      0.9649
    19(O )      0.0235      0.0224      0.0229      0.9540      1.0482
    20(C )      0.0183      0.0205      0.0194      1.1219      0.8914
    21(H )      0.0267      0.0286      0.0277      1.0738      0.9313
    22(H )      0.0187      0.0202      0.0195      1.0802      0.9258
    23(H )      0.0193      0.0205      0.0199      1.0641      0.9397
    24(H )      0.1392      0.1469      0.1431      1.0551      0.9477
    25(H )      0.0995      0.1017      0.1006      1.0221      0.9783
    26(C )      0.0534      0.0513      0.0524      0.9602      1.0414
    27(H )      0.0729      0.0682      0.0706      0.9353      1.0691
    28(H )      0.0678      0.0697      0.0687      1.0278      0.9729
    29(H )      0.0760      0.0765      0.0763      1.0067      0.9934
 
 E(N):     -690.569807 Hartree
 E(N+1):   -690.549123 Hartree
 E(N-1):   -690.260484 Hartree
 E_HOMO(N):     -0.279561 Hartree,   -7.6072 eV
 E_HOMO(N+1):    0.050721 Hartree,    1.3802 eV
 E_HOMO(N-1):    0.000000 Hartree,    0.0000 eV
 Vertical IP:    0.309323 Hartree,    8.4171 eV
 Vertical EA:   -0.020684 Hartree,   -0.5629 eV
 Mulliken electronegativity:     0.144319 Hartree,    3.9271 eV
 Chemical potential:            -0.144319 Hartree,   -3.9271 eV
 Hardness (=fundamental gap):    0.330008 Hartree,    8.9800 eV
 Softness:    3.030233 Hartree^-1,    0.1114 eV^-1
 Electrophilicity index:    0.031557 Hartree,    0.8587 eV
 Nucleophilicity index:     0.055637 Hartree,    1.5140 eV
