 Note: the E(HOMO) of TCE used for evaluating nucleophilicity index is the value evaluated at B3LYP/6-31G* level
 
 Hirshfeld charges, condensed Fukui functions and condensed dual descriptors
 Units used below are "e" (elementary charge)
     Atom     q(N)    q(N+1)   q(N-1)     f-       f+       f0      CDD
     1(C )   0.0050  -0.0288   0.0408   0.0357   0.0338   0.0348  -0.0019
     2(C )  -0.0474  -0.1048   0.0035   0.0509   0.0574   0.0542   0.0065
     3(C )  -0.0066  -0.0623   0.0634   0.0700   0.0557   0.0629  -0.0144
     4(C )  -0.0494  -0.0925   0.0033   0.0527   0.0431   0.0479  -0.0095
     5(C )   0.0037  -0.0417   0.0450   0.0414   0.0454   0.0434   0.0040
     6(C )  -0.0510  -0.1375   0.0649   0.1159   0.0865   0.1012  -0.0294
     7(H )   0.0371   0.0083   0.0632   0.0260   0.0289   0.0275   0.0028
     8(C )  -0.0340  -0.1168   0.0230   0.0570   0.0828   0.0699   0.0258
     9(H )   0.0372  -0.0019   0.0685   0.0312   0.0391   0.0352   0.0079
    10(C )  -0.0386  -0.1594   0.0872   0.1258   0.1208   0.1233  -0.0050
    11(H )   0.0404  -0.0018   0.0754   0.0350   0.0423   0.0386   0.0073
    12(C )   0.0428   0.0171   0.0607   0.0179   0.0257   0.0218   0.0078
    13(H )   0.0398   0.0079   0.0700   0.0302   0.0319   0.0311   0.0017
    14(H )   0.0407   0.0211   0.0586   0.0179   0.0197   0.0188   0.0018
    15(O )  -0.1392  -0.1445  -0.1342   0.0050   0.0052   0.0051   0.0002
    16(C )   0.2819   0.2723   0.2881   0.0061   0.0097   0.0079   0.0036
    17(O )  -0.3019  -0.3218  -0.2832   0.0188   0.0198   0.0193   0.0011
    18(O )  -0.1389  -0.1463  -0.1313   0.0076   0.0075   0.0075  -0.0001
    19(C )   0.0177   0.0108   0.0236   0.0060   0.0069   0.0064   0.0009
    20(H )   0.0483   0.0388   0.0569   0.0086   0.0094   0.0090   0.0008
    21(H )   0.0425   0.0356   0.0487   0.0062   0.0068   0.0065   0.0006
    22(H )   0.0421   0.0355   0.0483   0.0062   0.0067   0.0064   0.0005
    23(H )   0.0342  -0.0094   0.0778   0.0436   0.0436   0.0436   0.0000
    24(H )   0.0360   0.0074   0.0674   0.0314   0.0286   0.0300  -0.0028
    25(C )  -0.0785  -0.0927  -0.0636   0.0149   0.0142   0.0145  -0.0006
    26(H )   0.0363   0.0158   0.0590   0.0227   0.0205   0.0216  -0.0022
    27(H )   0.0363   0.0161   0.0588   0.0224   0.0202   0.0213  -0.0022
    28(H )   0.0345   0.0150   0.0531   0.0187   0.0194   0.0191   0.0008
    29(C )  -0.0784  -0.0909  -0.0647   0.0137   0.0125   0.0131  -0.0012
    30(H )   0.0370   0.0184   0.0582   0.0212   0.0185   0.0199  -0.0027
    31(H )   0.0361   0.0183   0.0566   0.0205   0.0178   0.0191  -0.0027
    32(H )   0.0344   0.0148   0.0531   0.0187   0.0196   0.0191   0.0008
 
 Condensed local electrophilicity/nucleophilicity index (e*eV)
     Atom              Electrophilicity          Nucleophilicity
     1(C )                  0.02812                  0.05732
     2(C )                  0.04778                  0.08165
     3(C )                  0.04634                  0.11235
     4(C )                  0.03590                  0.08446
     5(C )                  0.03779                  0.06634
     6(C )                  0.07196                  0.18591
     7(H )                  0.02402                  0.04178
     8(C )                  0.06892                  0.09149
     9(H )                  0.03257                  0.05010
    10(C )                  0.10055                  0.20182
    11(H )                  0.03518                  0.05615
    12(C )                  0.02137                  0.02867
    13(H )                  0.02657                  0.04844
    14(H )                  0.01637                  0.02864
    15(O )                  0.00435                  0.00803
    16(C )                  0.00805                  0.00982
    17(O )                  0.01651                  0.03010
    18(O )                  0.00620                  0.01219
    19(C )                  0.00571                  0.00959
    20(H )                  0.00786                  0.01387
    21(H )                  0.00570                  0.01000
    22(H )                  0.00555                  0.00987
    23(H )                  0.03630                  0.06992
    24(H )                  0.02380                  0.05044
    25(C )                  0.01184                  0.02384
    26(H )                  0.01709                  0.03640
    27(H )                  0.01682                  0.03600
    28(H )                  0.01618                  0.02993
    29(C )                  0.01041                  0.02205
    30(H )                  0.01543                  0.03407
    31(H )                  0.01479                  0.03284
    32(H )                  0.01627                  0.03003
 
 Condensed local softnesses (Hartree*e) and relative electrophilicity/nucleophilicity (dimensionless)
     Atom         s-          s+          s0        s+/s-       s-/s+
     1(C )      0.1095      0.1035      0.1065      0.9455      1.0576
     2(C )      0.1559      0.1759      0.1659      1.1279      0.8866
     3(C )      0.2145      0.1705      0.1925      0.7949      1.2581
     4(C )      0.1613      0.1321      0.1467      0.8192      1.2207
     5(C )      0.1267      0.1391      0.1329      1.0978      0.9109
     6(C )      0.3550      0.2649      0.3099      0.7460      1.3404
     7(H )      0.0798      0.0884      0.0841      1.1078      0.9026
     8(C )      0.1747      0.2537      0.2142      1.4518      0.6888
     9(H )      0.0957      0.1199      0.1078      1.2528      0.7982
    10(C )      0.3854      0.3701      0.3777      0.9602      1.0414
    11(H )      0.1072      0.1295      0.1183      1.2075      0.8282
    12(C )      0.0548      0.0786      0.0667      1.4363      0.6963
    13(H )      0.0925      0.0978      0.0951      1.0570      0.9461
    14(H )      0.0547      0.0602      0.0575      1.1016      0.9078
    15(O )      0.0153      0.0160      0.0157      1.0445      0.9574
    16(C )      0.0187      0.0296      0.0242      1.5803      0.6328
    17(O )      0.0575      0.0608      0.0591      1.0569      0.9462
    18(O )      0.0233      0.0228      0.0231      0.9805      1.0199
    19(C )      0.0183      0.0210      0.0197      1.1473      0.8716
    20(H )      0.0265      0.0289      0.0277      1.0920      0.9158
    21(H )      0.0191      0.0210      0.0200      1.0986      0.9103
    22(H )      0.0189      0.0204      0.0196      1.0832      0.9232
    23(H )      0.1335      0.1336      0.1336      1.0008      0.9992
    24(H )      0.0963      0.0876      0.0920      0.9095      1.0995
    25(C )      0.0455      0.0436      0.0445      0.9573      1.0446
    26(H )      0.0695      0.0629      0.0662      0.9051      1.1048
    27(H )      0.0688      0.0619      0.0653      0.9004      1.1107
    28(H )      0.0572      0.0596      0.0584      1.0421      0.9596
    29(C )      0.0421      0.0383      0.0402      0.9099      1.0990
    30(H )      0.0651      0.0568      0.0609      0.8728      1.1458
    31(H )      0.0627      0.0544      0.0586      0.8681      1.1520
    32(H )      0.0573      0.0599      0.0586      1.0445      0.9574
 
 E(N):     -729.837131 Hartree
 E(N+1):   -729.815216 Hartree
 E(N-1):   -729.532588 Hartree
 E_HOMO(N):     -0.276250 Hartree,   -7.5171 eV
 E_HOMO(N+1):    0.431545 Hartree,   11.7429 eV
 E_HOMO(N-1):    0.431545 Hartree,   11.7429 eV
 Vertical IP:    0.304543 Hartree,    8.2870 eV
 Vertical EA:   -0.021915 Hartree,   -0.5963 eV
 Mulliken electronegativity:     0.141314 Hartree,    3.8454 eV
 Chemical potential:            -0.141314 Hartree,   -3.8454 eV
 Hardness (=fundamental gap):    0.326458 Hartree,    8.8834 eV
 Softness:    3.063186 Hartree^-1,    0.1126 eV^-1
 Electrophilicity index:    0.030585 Hartree,    0.8323 eV
 Nucleophilicity index:     0.058948 Hartree,    1.6041 eV
