 Note: the E(HOMO) of TCE used for evaluating nucleophilicity index is the value evaluated at B3LYP/6-31G* level
 
 Hirshfeld charges, condensed Fukui functions and condensed dual descriptors
 Units used below are "e" (elementary charge)
     Atom     q(N)    q(N+1)   q(N-1)     f-       f+       f0      CDD
     1(C )  -0.0306  -0.0755   0.0086   0.0392   0.0449   0.0421   0.0057
     2(C )  -0.0289  -0.0882   0.0265   0.0554   0.0593   0.0574   0.0039
     3(C )   0.0053  -0.0621   0.0621   0.0568   0.0674   0.0621   0.0106
     4(C )  -0.0319  -0.0822   0.0307   0.0626   0.0503   0.0564  -0.0123
     5(C )  -0.0318  -0.0917   0.0106   0.0424   0.0600   0.0512   0.0176
     6(C )  -0.0317  -0.1172   0.0597   0.0914   0.0855   0.0884  -0.0059
     7(H )   0.0464   0.0148   0.0728   0.0263   0.0317   0.0290   0.0054
     8(C )  -0.0340  -0.0993   0.0467   0.0807   0.0653   0.0730  -0.0154
     9(H )   0.0405   0.0057   0.0768   0.0364   0.0347   0.0355  -0.0016
    10(C )  -0.0293  -0.1431   0.1110   0.1403   0.1138   0.1271  -0.0265
    11(H )   0.0437   0.0049   0.0830   0.0393   0.0388   0.0390  -0.0004
    12(C )   0.0441   0.0206   0.0636   0.0195   0.0236   0.0215   0.0041
    13(H )   0.0423   0.0126   0.0762   0.0339   0.0297   0.0318  -0.0042
    14(H )   0.0421   0.0237   0.0615   0.0194   0.0184   0.0189  -0.0011
    15(O )  -0.1390  -0.1434  -0.1324   0.0066   0.0044   0.0055  -0.0022
    16(C )   0.2827   0.2740   0.2895   0.0068   0.0087   0.0077   0.0019
    17(O )  -0.3000  -0.3188  -0.2790   0.0210   0.0188   0.0199  -0.0022
    18(O )  -0.1379  -0.1448  -0.1290   0.0089   0.0069   0.0079  -0.0020
    19(C )   0.0183   0.0119   0.0249   0.0065   0.0064   0.0065  -0.0001
    20(H )   0.0491   0.0402   0.0585   0.0094   0.0089   0.0092  -0.0005
    21(H )   0.0430   0.0367   0.0496   0.0066   0.0064   0.0065  -0.0002
    22(H )   0.0428   0.0363   0.0497   0.0068   0.0065   0.0067  -0.0003
    23(H )   0.0457   0.0127   0.0784   0.0327   0.0330   0.0328   0.0003
    24(H )   0.0493   0.0168   0.0797   0.0304   0.0325   0.0315   0.0021
    25(H )   0.0492   0.0123   0.0805   0.0314   0.0368   0.0341   0.0054
    26(C )   0.3066   0.2813   0.3219   0.0154   0.0252   0.0203   0.0099
    27(F )  -0.1271  -0.1581  -0.0997   0.0274   0.0310   0.0292   0.0035
    28(F )  -0.1138  -0.1390  -0.0905   0.0233   0.0253   0.0243   0.0020
    29(F )  -0.1152  -0.1411  -0.0919   0.0233   0.0259   0.0246   0.0026
 
 Condensed local electrophilicity/nucleophilicity index (e*eV)
     Atom              Electrophilicity          Nucleophilicity
     1(C )                  0.05130                  0.03804
     2(C )                  0.06772                  0.05374
     3(C )                  0.07693                  0.05507
     4(C )                  0.05740                  0.06070
     5(C )                  0.06846                  0.04110
     6(C )                  0.09760                  0.08861
     7(H )                  0.03618                  0.02552
     8(C )                  0.07456                  0.07826
     9(H )                  0.03966                  0.03527
    10(C )                  0.12996                  0.13608
    11(H )                  0.04433                  0.03807
    12(C )                  0.02690                  0.01888
    13(H )                  0.03389                  0.03288
    14(H )                  0.02096                  0.01884
    15(O )                  0.00502                  0.00642
    16(C )                  0.00988                  0.00659
    17(O )                  0.02149                  0.02039
    18(O )                  0.00790                  0.00861
    19(C )                  0.00733                  0.00634
    20(H )                  0.01021                  0.00912
    21(H )                  0.00726                  0.00640
    22(H )                  0.00745                  0.00663
    23(H )                  0.03770                  0.03169
    24(H )                  0.03715                  0.02948
    25(H )                  0.04205                  0.03043
    26(C )                  0.02882                  0.01490
    27(F )                  0.03537                  0.02662
    28(F )                  0.02886                  0.02259
    29(F )                  0.02957                  0.02260
 
 Condensed local softnesses (Hartree*e) and relative electrophilicity/nucleophilicity (dimensionless)
     Atom         s-          s+          s0        s+/s-       s-/s+
     1(C )      0.1200      0.1374      0.1287      1.1452      0.8732
     2(C )      0.1695      0.1814      0.1754      1.0703      0.9343
     3(C )      0.1737      0.2061      0.1899      1.1866      0.8427
     4(C )      0.1914      0.1537      0.1726      0.8032      1.2450
     5(C )      0.1296      0.1834      0.1565      1.4148      0.7068
     6(C )      0.2795      0.2614      0.2704      0.9355      1.0690
     7(H )      0.0805      0.0969      0.0887      1.2038      0.8307
     8(C )      0.2468      0.1997      0.2233      0.8092      1.2358
     9(H )      0.1112      0.1062      0.1087      0.9550      1.0471
    10(C )      0.4291      0.3481      0.3886      0.8111      1.2329
    11(H )      0.1201      0.1187      0.1194      0.9891      1.0110
    12(C )      0.0595      0.0720      0.0658      1.2103      0.8263
    13(H )      0.1037      0.0908      0.0972      0.8754      1.1423
    14(H )      0.0594      0.0561      0.0578      0.9451      1.0581
    15(O )      0.0202      0.0134      0.0168      0.6634      1.5073
    16(C )      0.0208      0.0265      0.0236      1.2745      0.7846
    17(O )      0.0643      0.0576      0.0609      0.8953      1.1169
    18(O )      0.0272      0.0212      0.0242      0.7794      1.2830
    19(C )      0.0200      0.0196      0.0198      0.9823      1.0180
    20(H )      0.0288      0.0274      0.0281      0.9511      1.0514
    21(H )      0.0202      0.0194      0.0198      0.9630      1.0384
    22(H )      0.0209      0.0199      0.0204      0.9537      1.0485
    23(H )      0.0999      0.1010      0.1005      1.0104      0.9897
    24(H )      0.0930      0.0995      0.0962      1.0701      0.9345
    25(H )      0.0960      0.1126      0.1043      1.1736      0.8521
    26(C )      0.0470      0.0772      0.0621      1.6424      0.6088
    27(F )      0.0839      0.0947      0.0893      1.1287      0.8860
    28(F )      0.0712      0.0773      0.0743      1.0852      0.9215
    29(F )      0.0713      0.0792      0.0752      1.1110      0.9001
 
 E(N):     -987.994510 Hartree
 E(N+1):   -987.996684 Hartree
 E(N-1):   -987.665381 Hartree
 E_HOMO(N):     -0.299557 Hartree,   -8.1514 eV
 E_HOMO(N+1):    0.028450 Hartree,    0.7742 eV
 E_HOMO(N-1):    0.000000 Hartree,    0.0000 eV
 Vertical IP:    0.329129 Hartree,    8.9561 eV
 Vertical EA:    0.002174 Hartree,    0.0592 eV
 Mulliken electronegativity:     0.165652 Hartree,    4.5076 eV
 Chemical potential:            -0.165652 Hartree,   -4.5076 eV
 Hardness (=fundamental gap):    0.326955 Hartree,    8.8969 eV
 Softness:    3.058522 Hartree^-1,    0.1124 eV^-1
 Electrophilicity index:    0.041964 Hartree,    1.1419 eV
 Nucleophilicity index:     0.035641 Hartree,    0.9698 eV
