 Note: the E(HOMO) of TCE used for evaluating nucleophilicity index is the value evaluated at B3LYP/6-31G* level
 
 Hirshfeld charges, condensed Fukui functions and condensed dual descriptors
 Units used below are "e" (elementary charge)
     Atom     q(N)    q(N+1)   q(N-1)     f-       f+       f0      CDD
     1(C )  -0.0431  -0.0821   0.0027   0.0459   0.0389   0.0424  -0.0069
     2(C )  -0.0362  -0.0928   0.0143   0.0505   0.0566   0.0536   0.0061
     3(C )  -0.0098  -0.0659   0.0632   0.0731   0.0561   0.0646  -0.0170
     4(C )  -0.0395  -0.0919   0.0204   0.0599   0.0524   0.0562  -0.0075
     5(C )  -0.0461  -0.0958   0.0040   0.0501   0.0497   0.0499  -0.0004
     6(C )   0.0062  -0.0779   0.1027   0.0965   0.0842   0.0903  -0.0123
     7(H )   0.0410   0.0110   0.0685   0.0275   0.0301   0.0288   0.0026
     8(C )  -0.0343  -0.1142   0.0213   0.0556   0.0798   0.0677   0.0242
     9(H )   0.0376  -0.0008   0.0689   0.0313   0.0383   0.0348   0.0071
    10(C )  -0.0397  -0.1593   0.0869   0.1266   0.1195   0.1231  -0.0071
    11(H )   0.0402  -0.0016   0.0756   0.0354   0.0419   0.0386   0.0065
    12(C )   0.0428   0.0171   0.0607   0.0179   0.0257   0.0218   0.0078
    13(H )   0.0399   0.0082   0.0700   0.0301   0.0317   0.0309   0.0015
    14(H )   0.0406   0.0212   0.0582   0.0176   0.0193   0.0185   0.0017
    15(O )  -0.1393  -0.1446  -0.1344   0.0049   0.0053   0.0051   0.0004
    16(C )   0.2819   0.2722   0.2881   0.0062   0.0097   0.0079   0.0035
    17(O )  -0.3021  -0.3220  -0.2831   0.0190   0.0199   0.0195   0.0009
    18(O )  -0.1390  -0.1463  -0.1314   0.0075   0.0074   0.0075  -0.0002
    19(C )   0.0176   0.0107   0.0235   0.0060   0.0068   0.0064   0.0009
    20(H )   0.0482   0.0388   0.0568   0.0086   0.0094   0.0090   0.0007
    21(H )   0.0424   0.0357   0.0486   0.0062   0.0067   0.0064   0.0006
    22(H )   0.0421   0.0353   0.0484   0.0063   0.0068   0.0066   0.0005
    23(H )   0.0397   0.0072   0.0738   0.0341   0.0325   0.0333  -0.0016
    24(H )   0.0397   0.0083   0.0727   0.0330   0.0314   0.0322  -0.0016
    25(H )   0.0386   0.0038   0.0731   0.0345   0.0348   0.0346   0.0003
    26(C )  -0.0783  -0.1005  -0.0535   0.0248   0.0222   0.0235  -0.0026
    27(H )   0.0352   0.0131   0.0593   0.0241   0.0221   0.0231  -0.0020
    28(H )   0.0373   0.0056   0.0722   0.0349   0.0317   0.0333  -0.0032
    29(H )   0.0366   0.0075   0.0687   0.0321   0.0291   0.0306  -0.0030
 
 Condensed local electrophilicity/nucleophilicity index (e*eV)
     Atom              Electrophilicity          Nucleophilicity
     1(C )                  0.03246                  0.07660
     2(C )                  0.04716                  0.08436
     3(C )                  0.04674                  0.12201
     4(C )                  0.04367                  0.10004
     5(C )                  0.04140                  0.08364
     6(C )                  0.07014                  0.16109
     7(H )                  0.02506                  0.04591
     8(C )                  0.06653                  0.09288
     9(H )                  0.03196                  0.05221
    10(C )                  0.09960                  0.21144
    11(H )                  0.03489                  0.05907
    12(C )                  0.02141                  0.02989
    13(H )                  0.02638                  0.05028
    14(H )                  0.01612                  0.02945
    15(O )                  0.00443                  0.00816
    16(C )                  0.00807                  0.01027
    17(O )                  0.01662                  0.03172
    18(O )                  0.00614                  0.01260
    19(C )                  0.00570                  0.00999
    20(H )                  0.00782                  0.01442
    21(H )                  0.00561                  0.01028
    22(H )                  0.00568                  0.01055
    23(H )                  0.02706                  0.05696
    24(H )                  0.02615                  0.05505
    25(H )                  0.02898                  0.05755
    26(C )                  0.01850                  0.04136
    27(H )                  0.01843                  0.04024
    28(H )                  0.02641                  0.05823
    29(H )                  0.02425                  0.05367
 
 Condensed local softnesses (Hartree*e) and relative electrophilicity/nucleophilicity (dimensionless)
     Atom         s-          s+          s0        s+/s-       s-/s+
     1(C )      0.1414      0.1201      0.1307      0.8492      1.1776
     2(C )      0.1557      0.1744      0.1651      1.1201      0.8927
     3(C )      0.2252      0.1729      0.1991      0.7676      1.3028
     4(C )      0.1847      0.1615      0.1731      0.8748      1.1431
     5(C )      0.1544      0.1531      0.1538      0.9920      1.0081
     6(C )      0.2974      0.2594      0.2784      0.8725      1.1462
     7(H )      0.0848      0.0927      0.0887      1.0936      0.9144
     8(C )      0.1715      0.2461      0.2088      1.4354      0.6967
     9(H )      0.0964      0.1182      0.1073      1.2264      0.8154
    10(C )      0.3903      0.3684      0.3794      0.9439      1.0594
    11(H )      0.1090      0.1290      0.1190      1.1835      0.8449
    12(C )      0.0552      0.0792      0.0672      1.4358      0.6965
    13(H )      0.0928      0.0976      0.0952      1.0514      0.9511
    14(H )      0.0544      0.0596      0.0570      1.0969      0.9117
    15(O )      0.0151      0.0164      0.0157      1.0873      0.9198
    16(C )      0.0190      0.0299      0.0244      1.5741      0.6353
    17(O )      0.0586      0.0615      0.0600      1.0500      0.9524
    18(O )      0.0233      0.0227      0.0230      0.9770      1.0235
    19(C )      0.0184      0.0211      0.0198      1.1428      0.8750
    20(H )      0.0266      0.0289      0.0278      1.0864      0.9204
    21(H )      0.0190      0.0208      0.0199      1.0935      0.9145
    22(H )      0.0195      0.0210      0.0202      1.0780      0.9277
    23(H )      0.1051      0.1001      0.1026      0.9519      1.0505
    24(H )      0.1016      0.0967      0.0992      0.9518      1.0507
    25(H )      0.1062      0.1072      0.1067      1.0090      0.9911
    26(C )      0.0763      0.0684      0.0724      0.8964      1.1156
    27(H )      0.0743      0.0682      0.0712      0.9177      1.0897
    28(H )      0.1075      0.0977      0.1026      0.9089      1.1002
    29(H )      0.0991      0.0897      0.0944      0.9055      1.1044
 
 E(N):     -690.570767 Hartree
 E(N+1):   -690.549523 Hartree
 E(N-1):   -690.267602 Hartree
 E_HOMO(N):     -0.273830 Hartree,   -7.4513 eV
 E_HOMO(N+1):    0.050939 Hartree,    1.3861 eV
 E_HOMO(N-1):    0.000000 Hartree,    0.0000 eV
 Vertical IP:    0.303164 Hartree,    8.2495 eV
 Vertical EA:   -0.021244 Hartree,   -0.5781 eV
 Mulliken electronegativity:     0.140960 Hartree,    3.8357 eV
 Chemical potential:            -0.140960 Hartree,   -3.8357 eV
 Hardness (=fundamental gap):    0.324408 Hartree,    8.8276 eV
 Softness:    3.082537 Hartree^-1,    0.1133 eV^-1
 Electrophilicity index:    0.030625 Hartree,    0.8333 eV
 Nucleophilicity index:     0.061368 Hartree,    1.6699 eV
