 Note: the E(HOMO) of TCE used for evaluating nucleophilicity index is the value evaluated at B3LYP/6-31G* level
 
 Hirshfeld charges, condensed Fukui functions and condensed dual descriptors
 Units used below are "e" (elementary charge)
     Atom     q(N)    q(N+1)   q(N-1)     f-       f+       f0      CDD
     1(C )  -0.0417  -0.0873   0.0021   0.0438   0.0455   0.0447   0.0017
     2(C )  -0.0424  -0.0970   0.0210   0.0634   0.0546   0.0590  -0.0088
     3(C )  -0.0037  -0.0593   0.0587   0.0625   0.0555   0.0590  -0.0069
     4(C )  -0.0457  -0.0950  -0.0024   0.0432   0.0494   0.0463   0.0061
     5(C )   0.0031  -0.0430   0.0525   0.0494   0.0462   0.0478  -0.0032
     6(C )  -0.0464  -0.1373   0.0570   0.1034   0.0908   0.0971  -0.0126
     7(H )   0.0444   0.0106   0.0780   0.0336   0.0338   0.0337   0.0002
     8(H )   0.0428   0.0141   0.0716   0.0288   0.0287   0.0287  -0.0002
     9(H )   0.0388   0.0090   0.0681   0.0293   0.0299   0.0296   0.0006
    10(C )  -0.0358  -0.1203   0.0287   0.0645   0.0844   0.0745   0.0199
    11(H )   0.0404   0.0022   0.0724   0.0320   0.0382   0.0351   0.0062
    12(C )  -0.0439  -0.1620   0.0698   0.1138   0.1181   0.1159   0.0043
    13(H )   0.0445   0.0044   0.0775   0.0330   0.0401   0.0366   0.0071
    14(C )   0.0389   0.0112   0.0576   0.0187   0.0277   0.0232   0.0090
    15(H )   0.0412   0.0083   0.0727   0.0315   0.0329   0.0322   0.0014
    16(H )   0.0420   0.0226   0.0598   0.0177   0.0194   0.0186   0.0017
    17(O )  -0.1308  -0.1371  -0.1216   0.0093   0.0062   0.0078  -0.0030
    18(C )   0.2633   0.2519   0.2742   0.0109   0.0113   0.0111   0.0004
    19(O )  -0.2977  -0.3192  -0.2626   0.0351   0.0215   0.0283  -0.0136
    20(O )  -0.1310  -0.1401  -0.1172   0.0137   0.0092   0.0115  -0.0046
    21(C )   0.0126   0.0038   0.0207   0.0081   0.0088   0.0085   0.0007
    22(H )   0.0483   0.0377   0.0592   0.0109   0.0106   0.0108  -0.0003
    23(H )   0.0436   0.0362   0.0511   0.0076   0.0074   0.0075  -0.0001
    24(H )   0.0435   0.0355   0.0516   0.0081   0.0080   0.0080  -0.0001
    25(H )   0.0407  -0.0039   0.0830   0.0423   0.0446   0.0435   0.0023
    26(C )  -0.0801  -0.0954  -0.0628   0.0173   0.0153   0.0163  -0.0021
    27(H )   0.0378   0.0167   0.0623   0.0245   0.0211   0.0228  -0.0034
    28(H )   0.0377   0.0171   0.0617   0.0240   0.0206   0.0223  -0.0034
    29(H )   0.0359   0.0159   0.0554   0.0195   0.0201   0.0198   0.0006
 
 Condensed local electrophilicity/nucleophilicity index (e*eV)
     Atom              Electrophilicity          Nucleophilicity
     1(C )                  0.03255                  0.13333
     2(C )                  0.03905                  0.19295
     3(C )                  0.03969                  0.18997
     4(C )                  0.03529                  0.13151
     5(C )                  0.03301                  0.15020
     6(C )                  0.06493                  0.31462
     7(H )                  0.02414                  0.10208
     8(H )                  0.02048                  0.08774
     9(H )                  0.02135                  0.08898
    10(C )                  0.06035                  0.19627
    11(H )                  0.02731                  0.09724
    12(C )                  0.08442                  0.34606
    13(H )                  0.02867                  0.10047
    14(C )                  0.01983                  0.05695
    15(H )                  0.02350                  0.09583
    16(H )                  0.01389                  0.05393
    17(O )                  0.00446                  0.02818
    18(C )                  0.00808                  0.03330
    19(O )                  0.01536                  0.10672
    20(O )                  0.00656                  0.04179
    21(C )                  0.00630                  0.02463
    22(H )                  0.00759                  0.03330
    23(H )                  0.00530                  0.02297
    24(H )                  0.00570                  0.02459
    25(H )                  0.03191                  0.12867
    26(C )                  0.01093                  0.05276
    27(H )                  0.01508                  0.07454
    28(H )                  0.01472                  0.07299
    29(H )                  0.01435                  0.05929
 
 Condensed local softnesses (Hartree*e) and relative electrophilicity/nucleophilicity (dimensionless)
     Atom         s-          s+          s0        s+/s-       s-/s+
     1(C )      0.1376      0.1430      0.1403      1.0388      0.9627
     2(C )      0.1992      0.1715      0.1854      0.8612      1.1611
     3(C )      0.1961      0.1743      0.1852      0.8891      1.1248
     4(C )      0.1358      0.1550      0.1454      1.1420      0.8756
     5(C )      0.1550      0.1450      0.1500      0.9351      1.0694
     6(C )      0.3248      0.2852      0.3050      0.8782      1.1387
     7(H )      0.1054      0.1060      0.1057      1.0061      0.9939
     8(H )      0.0906      0.0900      0.0903      0.9934      1.0067
     9(H )      0.0919      0.0938      0.0928      1.0213      0.9792
    10(C )      0.2026      0.2651      0.2339      1.3085      0.7643
    11(H )      0.1004      0.1199      0.1102      1.1950      0.8368
    12(C )      0.3572      0.3708      0.3640      1.0381      0.9633
    13(H )      0.1037      0.1259      0.1148      1.2144      0.8234
    14(C )      0.0588      0.0871      0.0729      1.4816      0.6749
    15(H )      0.0989      0.1032      0.1011      1.0435      0.9583
    16(H )      0.0557      0.0610      0.0583      1.0960      0.9124
    17(O )      0.0291      0.0196      0.0243      0.6737      1.4843
    18(C )      0.0344      0.0355      0.0349      1.0333      0.9678
    19(O )      0.1102      0.0675      0.0888      0.6125      1.6326
    20(O )      0.0431      0.0288      0.0360      0.6684      1.4961
    21(C )      0.0254      0.0277      0.0266      1.0887      0.9185
    22(H )      0.0344      0.0333      0.0338      0.9696      1.0314
    23(H )      0.0237      0.0233      0.0235      0.9813      1.0190
    24(H )      0.0254      0.0250      0.0252      0.9860      1.0142
    25(H )      0.1328      0.1402      0.1365      1.0554      0.9475
    26(C )      0.0545      0.0480      0.0512      0.8815      1.1344
    27(H )      0.0769      0.0663      0.0716      0.8612      1.1612
    28(H )      0.0753      0.0647      0.0700      0.8585      1.1648
    29(H )      0.0612      0.0630      0.0621      1.0299      0.9710
 
 E(N):     -691.378381 Hartree
 E(N+1):   -691.348496 Hartree
 E(N-1):   -691.089797 Hartree
 E_HOMO(N):     -0.223413 Hartree,   -6.0794 eV
 E_HOMO(N+1):    0.093983 Hartree,    2.5574 eV
 E_HOMO(N-1):   -0.390201 Hartree,  -10.6179 eV
 Vertical IP:    0.288584 Hartree,    7.8528 eV
 Vertical EA:   -0.029886 Hartree,   -0.8132 eV
 Mulliken electronegativity:     0.129349 Hartree,    3.5198 eV
 Chemical potential:            -0.129349 Hartree,   -3.5198 eV
 Hardness (=fundamental gap):    0.318470 Hartree,    8.6660 eV
 Softness:    3.140011 Hartree^-1,    0.1154 eV^-1
 Electrophilicity index:    0.026268 Hartree,    0.7148 eV
 Nucleophilicity index:     0.111785 Hartree,    3.0418 eV
