 Note: the E(HOMO) of TCE used for evaluating nucleophilicity index is the value evaluated at B3LYP/6-31G* level
 
 Hirshfeld charges, condensed Fukui functions and condensed dual descriptors
 Units used below are "e" (elementary charge)
     Atom     q(N)    q(N+1)   q(N-1)     f-       f+       f0      CDD
     1(C )  -0.0361  -0.0809  -0.0038   0.0323   0.0448   0.0385   0.0124
     2(H )   0.0413   0.0166   0.0621   0.0208   0.0247   0.0228   0.0039
     3(C )  -0.0438  -0.1327   0.0443   0.0881   0.0889   0.0885   0.0008
     4(H )   0.0444   0.0151   0.0705   0.0261   0.0293   0.0277   0.0032
     5(C )   0.0390   0.0186   0.0534   0.0144   0.0204   0.0174   0.0060
     6(H )   0.0414   0.0164   0.0651   0.0237   0.0250   0.0243   0.0012
     7(H )   0.0422   0.0278   0.0552   0.0130   0.0144   0.0137   0.0014
     8(O )  -0.1309  -0.1349  -0.1262   0.0047   0.0039   0.0043  -0.0007
     9(C )   0.2633   0.2554   0.2699   0.0066   0.0080   0.0073   0.0014
    10(O )  -0.2974  -0.3140  -0.2768   0.0207   0.0166   0.0186  -0.0041
    11(O )  -0.1308  -0.1376  -0.1227   0.0082   0.0068   0.0075  -0.0014
    12(C )   0.0127   0.0061   0.0187   0.0060   0.0066   0.0063   0.0007
    13(H )   0.0484   0.0401   0.0565   0.0081   0.0083   0.0082   0.0002
    14(H )   0.0437   0.0380   0.0492   0.0055   0.0057   0.0056   0.0002
    15(H )   0.0436   0.0372   0.0497   0.0062   0.0063   0.0062   0.0002
    16(C )  -0.0043  -0.0602   0.0523   0.0566   0.0559   0.0562  -0.0008
    17(C )  -0.0388  -0.1125   0.0412   0.0800   0.0736   0.0768  -0.0064
    18(C )  -0.0397  -0.0628  -0.0140   0.0257   0.0231   0.0244  -0.0026
    19(C )  -0.0011  -0.0213   0.0150   0.0162   0.0201   0.0182   0.0040
    20(H )   0.0416   0.0091   0.0734   0.0318   0.0325   0.0322   0.0007
    21(C )  -0.0387  -0.0909   0.0228   0.0616   0.0521   0.0568  -0.0094
    22(H )   0.0440   0.0232   0.0662   0.0222   0.0208   0.0215  -0.0014
    23(C )  -0.0001  -0.0239   0.0185   0.0187   0.0238   0.0212   0.0051
    24(C )  -0.0402  -0.0983   0.0270   0.0672   0.0582   0.0627  -0.0090
    25(H )   0.0446   0.0140   0.0754   0.0308   0.0305   0.0307  -0.0002
    26(C )  -0.0406  -0.0958   0.0209   0.0615   0.0552   0.0584  -0.0064
    27(C )  -0.0426  -0.0850   0.0017   0.0444   0.0424   0.0434  -0.0020
    28(H )   0.0438   0.0135   0.0740   0.0302   0.0303   0.0303   0.0001
    29(C )  -0.0423  -0.1143   0.0297   0.0719   0.0721   0.0720   0.0002
    30(H )   0.0439   0.0129   0.0745   0.0306   0.0310   0.0308   0.0004
    31(H )   0.0450   0.0143   0.0758   0.0308   0.0307   0.0308  -0.0002
    32(H )   0.0449   0.0071   0.0805   0.0355   0.0379   0.0367   0.0024
 
 Condensed local electrophilicity/nucleophilicity index (e*eV)
     Atom              Electrophilicity          Nucleophilicity
     1(C )                  0.03670                  0.10765
     2(H )                  0.02029                  0.06939
     3(C )                  0.07291                  0.29334
     4(H )                  0.02403                  0.08682
     5(C )                  0.01671                  0.04785
     6(H )                  0.02046                  0.07902
     7(H )                  0.01184                  0.04332
     8(O )                  0.00323                  0.01555
     9(C )                  0.00653                  0.02192
    10(O )                  0.01359                  0.06881
    11(O )                  0.00556                  0.02718
    12(C )                  0.00545                  0.01996
    13(H )                  0.00683                  0.02694
    14(H )                  0.00470                  0.01840
    15(H )                  0.00520                  0.02048
    16(C )                  0.04581                  0.18855
    17(C )                  0.06039                  0.26644
    18(C )                  0.01895                  0.08564
    19(C )                  0.01652                  0.05387
    20(H )                  0.02666                  0.10593
    21(C )                  0.04275                  0.20498
    22(H )                  0.01708                  0.07404
    23(C )                  0.01948                  0.06211
    24(C )                  0.04770                  0.22360
    25(H )                  0.02504                  0.10250
    26(C )                  0.04525                  0.20492
    27(C )                  0.03476                  0.14773
    28(H )                  0.02484                  0.10062
    29(C )                  0.05912                  0.23952
    30(H )                  0.02542                  0.10177
    31(H )                  0.02515                  0.10270
    32(H )                  0.03107                  0.11828
 
 Condensed local softnesses (Hartree*e) and relative electrophilicity/nucleophilicity (dimensionless)
     Atom         s-          s+          s0        s+/s-       s-/s+
     1(C )      0.1140      0.1579      0.1360      1.3845      0.7223
     2(H )      0.0735      0.0873      0.0804      1.1872      0.8423
     3(C )      0.3108      0.3136      0.3122      1.0092      0.9909
     4(H )      0.0920      0.1034      0.0977      1.1240      0.8897
     5(C )      0.0507      0.0719      0.0613      1.4181      0.7052
     6(H )      0.0837      0.0880      0.0859      1.0514      0.9511
     7(H )      0.0459      0.0509      0.0484      1.1099      0.9010
     8(O )      0.0165      0.0139      0.0152      0.8435      1.1856
     9(C )      0.0232      0.0281      0.0257      1.2106      0.8260
    10(O )      0.0729      0.0585      0.0657      0.8022      1.2466
    11(O )      0.0288      0.0239      0.0264      0.8300      1.2049
    12(C )      0.0211      0.0235      0.0223      1.1090      0.9017
    13(H )      0.0285      0.0294      0.0290      1.0289      0.9719
    14(H )      0.0195      0.0202      0.0199      1.0380      0.9634
    15(H )      0.0217      0.0224      0.0220      1.0311      0.9699
    16(C )      0.1998      0.1971      0.1984      0.9865      1.0137
    17(C )      0.2823      0.2598      0.2710      0.9203      1.0865
    18(C )      0.0907      0.0815      0.0861      0.8985      1.1130
    19(C )      0.0571      0.0711      0.0641      1.2454      0.8030
    20(H )      0.1122      0.1147      0.1135      1.0220      0.9785
    21(C )      0.2172      0.1839      0.2005      0.8469      1.1808
    22(H )      0.0784      0.0735      0.0760      0.9368      1.0675
    23(C )      0.0658      0.0838      0.0748      1.2737      0.7851
    24(C )      0.2369      0.2052      0.2210      0.8662      1.1545
    25(H )      0.1086      0.1077      0.1082      0.9919      1.0081
    26(C )      0.2171      0.1947      0.2059      0.8967      1.1151
    27(C )      0.1565      0.1495      0.1530      0.9554      1.0467
    28(H )      0.1066      0.1068      0.1067      1.0024      0.9976
    29(C )      0.2538      0.2543      0.2540      1.0023      0.9977
    30(H )      0.1078      0.1094      0.1086      1.0144      0.9858
    31(H )      0.1088      0.1082      0.1085      0.9944      1.0056
    32(H )      0.1253      0.1336      0.1295      1.0666      0.9376
 
 E(N):     -805.705130 Hartree
 E(N+1):   -805.694102 Hartree
 E(N-1):   -805.432681 Hartree
 E_HOMO(N):     -0.212829 Hartree,   -5.7914 eV
 E_HOMO(N+1):    0.069107 Hartree,    1.8805 eV
 E_HOMO(N-1):   -0.372684 Hartree,  -10.1412 eV
 Vertical IP:    0.272449 Hartree,    7.4137 eV
 Vertical EA:   -0.011028 Hartree,   -0.3001 eV
 Mulliken electronegativity:     0.130710 Hartree,    3.5568 eV
 Chemical potential:            -0.130710 Hartree,   -3.5568 eV
 Hardness (=fundamental gap):    0.283477 Hartree,    7.7138 eV
 Softness:    3.527617 Hartree^-1,    0.1296 eV^-1
 Electrophilicity index:    0.030135 Hartree,    0.8200 eV
 Nucleophilicity index:     0.122369 Hartree,    3.3298 eV
