 Note: the E(HOMO) of TCE used for evaluating nucleophilicity index is the value evaluated at B3LYP/6-31G* level
 
 Hirshfeld charges, condensed Fukui functions and condensed dual descriptors
 Units used below are "e" (elementary charge)
     Atom     q(N)    q(N+1)   q(N-1)     f-       f+       f0      CDD
     1(C )  -0.0562  -0.0986   0.0208   0.0769   0.0425   0.0597  -0.0345
     2(C )  -0.0363  -0.1032  -0.0038   0.0325   0.0669   0.0497   0.0344
     3(C )  -0.0188  -0.0738   0.0481   0.0669   0.0550   0.0610  -0.0119
     4(C )   0.0773   0.0395   0.1389   0.0617   0.0378   0.0497  -0.0239
     5(C )  -0.0720  -0.1280  -0.0335   0.0384   0.0560   0.0472   0.0176
     6(C )  -0.0412  -0.1385   0.0384   0.0796   0.0973   0.0885   0.0177
     7(H )   0.0433   0.0097   0.0822   0.0389   0.0335   0.0362  -0.0054
     8(H )   0.0446   0.0130   0.0699   0.0253   0.0316   0.0284   0.0064
     9(C )  -0.0386  -0.1164   0.0067   0.0453   0.0778   0.0616   0.0325
    10(H )   0.0383   0.0030   0.0625   0.0242   0.0352   0.0297   0.0110
    11(C )  -0.0470  -0.1583   0.0549   0.1019   0.1113   0.1066   0.0094
    12(H )   0.0417   0.0038   0.0724   0.0307   0.0379   0.0343   0.0072
    13(C )   0.0383   0.0117   0.0548   0.0165   0.0266   0.0216   0.0101
    14(H )   0.0401   0.0099   0.0672   0.0271   0.0301   0.0286   0.0030
    15(H )   0.0423   0.0239   0.0572   0.0149   0.0184   0.0167   0.0035
    16(O )  -0.1314  -0.1374  -0.1243   0.0071   0.0059   0.0065  -0.0012
    17(C )   0.2629   0.2519   0.2717   0.0088   0.0110   0.0099   0.0022
    18(O )  -0.2982  -0.3192  -0.2707   0.0275   0.0210   0.0243  -0.0065
    19(O )  -0.1315  -0.1403  -0.1207   0.0108   0.0088   0.0098  -0.0021
    20(C )   0.0120   0.0034   0.0193   0.0072   0.0087   0.0079   0.0014
    21(H )   0.0478   0.0375   0.0576   0.0098   0.0104   0.0101   0.0006
    22(H )   0.0433   0.0358   0.0502   0.0069   0.0075   0.0072   0.0007
    23(H )   0.0430   0.0354   0.0501   0.0071   0.0076   0.0073   0.0005
    24(H )   0.0447  -0.0026   0.0844   0.0397   0.0473   0.0435   0.0076
    25(H )   0.0388   0.0055   0.0677   0.0289   0.0333   0.0311   0.0044
    26(O )  -0.1224  -0.1366  -0.0518   0.0706   0.0142   0.0424  -0.0565
    27(C )   0.0115  -0.0029   0.0326   0.0211   0.0143   0.0177  -0.0067
    28(H )   0.0488   0.0281   0.0735   0.0247   0.0207   0.0227  -0.0040
    29(H )   0.0374   0.0220   0.0616   0.0243   0.0154   0.0198  -0.0089
    30(H )   0.0375   0.0217   0.0620   0.0245   0.0159   0.0202  -0.0086
 
 Condensed local electrophilicity/nucleophilicity index (e*eV)
     Atom              Electrophilicity          Nucleophilicity
     1(C )                  0.02788                  0.26094
     2(C )                  0.04396                  0.11036
     3(C )                  0.03612                  0.22700
     4(C )                  0.02483                  0.20919
     5(C )                  0.03680                  0.13034
     6(C )                  0.06391                  0.27014
     7(H )                  0.02203                  0.13208
     8(H )                  0.02077                  0.08571
     9(C )                  0.05113                  0.15369
    10(H )                  0.02313                  0.08208
    11(C )                  0.07308                  0.34553
    12(H )                  0.02489                  0.10426
    13(C )                  0.01748                  0.05612
    14(H )                  0.01978                  0.09209
    15(H )                  0.01209                  0.05065
    16(O )                  0.00390                  0.02409
    17(C )                  0.00720                  0.02987
    18(O )                  0.01379                  0.09332
    19(O )                  0.00575                  0.03673
    20(C )                  0.00569                  0.02449
    21(H )                  0.00680                  0.03312
    22(H )                  0.00496                  0.02328
    23(H )                  0.00498                  0.02401
    24(H )                  0.03107                  0.13472
    25(H )                  0.02187                  0.09791
    26(O )                  0.00931                  0.23962
    27(C )                  0.00942                  0.07148
    28(H )                  0.01360                  0.08379
    29(H )                  0.01010                  0.08238
    30(H )                  0.01043                  0.08303
 
 Condensed local softnesses (Hartree*e) and relative electrophilicity/nucleophilicity (dimensionless)
     Atom         s-          s+          s0        s+/s-       s-/s+
     1(C )      0.2507      0.1384      0.1946      0.5519      1.8120
     2(C )      0.1060      0.2182      0.1621      2.0574      0.4861
     3(C )      0.2181      0.1792      0.1987      0.8218      1.2168
     4(C )      0.2010      0.1232      0.1621      0.6130      1.6314
     5(C )      0.1252      0.1826      0.1539      1.4583      0.6857
     6(C )      0.2596      0.3172      0.2884      1.2220      0.8184
     7(H )      0.1269      0.1093      0.1181      0.8613      1.1611
     8(H )      0.0824      0.1031      0.0927      1.2514      0.7991
     9(C )      0.1477      0.2537      0.2007      1.7181      0.5820
    10(H )      0.0789      0.1148      0.0968      1.4553      0.6871
    11(C )      0.3320      0.3627      0.3473      1.0924      0.9154
    12(H )      0.1002      0.1235      0.1118      1.2328      0.8111
    13(C )      0.0539      0.0867      0.0703      1.6086      0.6217
    14(H )      0.0885      0.0982      0.0933      1.1095      0.9013
    15(H )      0.0487      0.0600      0.0543      1.2331      0.8110
    16(O )      0.0232      0.0194      0.0213      0.8365      1.1954
    17(C )      0.0287      0.0357      0.0322      1.2452      0.8031
    18(O )      0.0897      0.0685      0.0791      0.7634      1.3100
    19(O )      0.0353      0.0285      0.0319      0.8088      1.2364
    20(C )      0.0235      0.0282      0.0259      1.1992      0.8339
    21(H )      0.0318      0.0337      0.0328      1.0602      0.9433
    22(H )      0.0224      0.0246      0.0235      1.0994      0.9096
    23(H )      0.0231      0.0247      0.0239      1.0712      0.9335
    24(H )      0.1294      0.1542      0.1418      1.1912      0.8395
    25(H )      0.0941      0.1085      0.1013      1.1538      0.8667
    26(O )      0.2302      0.0462      0.1382      0.2007      4.9833
    27(C )      0.0687      0.0468      0.0577      0.6809      1.4687
    28(H )      0.0805      0.0675      0.0740      0.8384      1.1928
    29(H )      0.0792      0.0501      0.0646      0.6332      1.5793
    30(H )      0.0798      0.0518      0.0658      0.6489      1.5410
 
 E(N):     -766.581898 Hartree
 E(N+1):   -766.550186 Hartree
 E(N-1):   -766.306789 Hartree
 E_HOMO(N):     -0.210545 Hartree,   -5.7292 eV
 E_HOMO(N+1):    0.095216 Hartree,    2.5910 eV
 E_HOMO(N-1):   -0.380840 Hartree,  -10.3632 eV
 Vertical IP:    0.275110 Hartree,    7.4861 eV
 Vertical EA:   -0.031712 Hartree,   -0.8629 eV
 Mulliken electronegativity:     0.121699 Hartree,    3.3116 eV
 Chemical potential:            -0.121699 Hartree,   -3.3116 eV
 Hardness (=fundamental gap):    0.306822 Hartree,    8.3491 eV
 Softness:    3.259219 Hartree^-1,    0.1198 eV^-1
 Electrophilicity index:    0.024135 Hartree,    0.6568 eV
 Nucleophilicity index:     0.124653 Hartree,    3.3920 eV
