 Note: the E(HOMO) of TCE used for evaluating nucleophilicity index is the value evaluated at B3LYP/6-31G* level
 
 Hirshfeld charges, condensed Fukui functions and condensed dual descriptors
 Units used below are "e" (elementary charge)
     Atom     q(N)    q(N+1)   q(N-1)     f-       f+       f0      CDD
     1(C )  -0.0302  -0.1970   0.1039   0.1341   0.1668   0.1504   0.0327
     2(H )   0.0389  -0.0227   0.0839   0.0450   0.0616   0.0533   0.0166
     3(C )  -0.0531  -0.2081   0.0885   0.1416   0.1550   0.1483   0.0134
     4(H )   0.0415  -0.0199   0.0885   0.0470   0.0614   0.0542   0.0144
     5(C )   0.0378  -0.0090   0.0626   0.0248   0.0468   0.0358   0.0219
     6(H )   0.0399  -0.0094   0.0812   0.0413   0.0494   0.0453   0.0081
     7(H )   0.0411   0.0120   0.0654   0.0242   0.0291   0.0267   0.0049
     8(O )  -0.1314  -0.1542  -0.0995   0.0318   0.0229   0.0273  -0.0090
     9(C )   0.2627   0.2288   0.2949   0.0322   0.0339   0.0330   0.0017
    10(O )  -0.2985  -0.3406  -0.1883   0.1102   0.0421   0.0762  -0.0681
    11(O )  -0.1318  -0.1532  -0.0905   0.0413   0.0214   0.0314  -0.0198
    12(C )   0.0120  -0.0076   0.0269   0.0148   0.0197   0.0172   0.0049
    13(H )   0.0479   0.0290   0.0685   0.0206   0.0189   0.0198  -0.0017
    14(H )   0.0432   0.0293   0.0577   0.0144   0.0140   0.0142  -0.0005
    15(H )   0.0431   0.0278   0.0573   0.0142   0.0153   0.0148   0.0011
    16(C )  -0.0453  -0.0736  -0.0160   0.0293   0.0283   0.0288  -0.0010
    17(C )  -0.0473  -0.0632  -0.0227   0.0246   0.0158   0.0202  -0.0088
    18(H )   0.0337   0.0097   0.0562   0.0225   0.0240   0.0233   0.0015
    19(H )   0.0340  -0.0154   0.0787   0.0447   0.0494   0.0470   0.0047
    20(H )   0.0269   0.0127   0.0421   0.0152   0.0142   0.0147  -0.0010
    21(H )   0.0268   0.0114   0.0438   0.0170   0.0153   0.0162  -0.0017
    22(C )  -0.0475  -0.0612  -0.0319   0.0156   0.0137   0.0147  -0.0019
    23(C )  -0.0858  -0.0975  -0.0679   0.0179   0.0117   0.0148  -0.0062
    24(H )   0.0272   0.0149   0.0397   0.0126   0.0123   0.0124  -0.0003
    25(H )   0.0267   0.0114   0.0403   0.0136   0.0153   0.0145   0.0017
    26(H )   0.0302   0.0080   0.0560   0.0259   0.0222   0.0240  -0.0037
    27(H )   0.0287   0.0192   0.0402   0.0115   0.0094   0.0105  -0.0021
    28(H )   0.0283   0.0183   0.0402   0.0119   0.0100   0.0109  -0.0019
 
 Condensed local electrophilicity/nucleophilicity index (e*eV)
     Atom              Electrophilicity          Nucleophilicity
     1(C )                  0.07892                  0.29679
     2(H )                  0.02915                  0.09959
     3(C )                  0.07335                  0.31349
     4(H )                  0.02905                  0.10406
     5(C )                  0.02213                  0.05492
     6(H )                  0.02335                  0.09135
     7(H )                  0.01378                  0.05366
     8(O )                  0.01082                  0.07045
     9(C )                  0.01604                  0.07127
    10(O )                  0.01994                  0.24393
    11(O )                  0.01015                  0.09138
    12(C )                  0.00931                  0.03278
    13(H )                  0.00894                  0.04561
    14(H )                  0.00661                  0.03197
    15(H )                  0.00726                  0.03143
    16(C )                  0.01341                  0.06485
    17(C )                  0.00749                  0.05445
    18(H )                  0.01135                  0.04984
    19(H )                  0.02337                  0.09893
    20(H )                  0.00673                  0.03368
    21(H )                  0.00726                  0.03767
    22(C )                  0.00650                  0.03449
    23(C )                  0.00556                  0.03965
    24(H )                  0.00581                  0.02783
    25(H )                  0.00723                  0.03017
    26(H )                  0.01049                  0.05729
    27(H )                  0.00447                  0.02555
    28(H )                  0.00473                  0.02633
 
 Condensed local softnesses (Hartree*e) and relative electrophilicity/nucleophilicity (dimensionless)
     Atom         s-          s+          s0        s+/s-       s-/s+
     1(C )      0.3235      0.4024      0.3629      1.2439      0.8039
     2(H )      0.1085      0.1486      0.1286      1.3690      0.7304
     3(C )      0.3417      0.3740      0.3578      1.0944      0.9137
     4(H )      0.1134      0.1481      0.1308      1.3058      0.7658
     5(C )      0.0599      0.1128      0.0863      1.8845      0.5306
     6(H )      0.0996      0.1191      0.1093      1.1958      0.8362
     7(H )      0.0585      0.0703      0.0644      1.2013      0.8325
     8(O )      0.0768      0.0551      0.0660      0.7182      1.3923
     9(C )      0.0777      0.0818      0.0797      1.0525      0.9501
    10(O )      0.2659      0.1017      0.1838      0.3825      2.6146
    11(O )      0.0996      0.0517      0.0757      0.5194      1.9251
    12(C )      0.0357      0.0475      0.0416      1.3282      0.7529
    13(H )      0.0497      0.0456      0.0477      0.9172      1.0903
    14(H )      0.0348      0.0337      0.0343      0.9669      1.0343
    15(H )      0.0343      0.0370      0.0356      1.0808      0.9253
    16(C )      0.0707      0.0684      0.0695      0.9670      1.0341
    17(C )      0.0593      0.0382      0.0488      0.6436      1.5537
    18(H )      0.0543      0.0579      0.0561      1.0653      0.9387
    19(H )      0.1078      0.1192      0.1135      1.1053      0.9048
    20(H )      0.0367      0.0343      0.0355      0.9341      1.0706
    21(H )      0.0411      0.0370      0.0390      0.9018      1.1089
    22(C )      0.0376      0.0331      0.0354      0.8809      1.1352
    23(C )      0.0432      0.0283      0.0358      0.6556      1.5254
    24(H )      0.0303      0.0296      0.0300      0.9761      1.0245
    25(H )      0.0329      0.0369      0.0349      1.1213      0.8918
    26(H )      0.0624      0.0535      0.0580      0.8569      1.1670
    27(H )      0.0278      0.0228      0.0253      0.8176      1.2231
    28(H )      0.0287      0.0241      0.0264      0.8401      1.1903
 
 E(N):     -578.260989 Hartree
 E(N+1):   -578.173802 Hartree
 E(N-1):   -577.933668 Hartree
 E_HOMO(N):     -0.253856 Hartree,   -6.9078 eV
 E_HOMO(N+1):    0.159102 Hartree,    4.3294 eV
 E_HOMO(N-1):   -0.432676 Hartree,  -11.7737 eV
 Vertical IP:    0.327320 Hartree,    8.9068 eV
 Vertical EA:   -0.087186 Hartree,   -2.3725 eV
 Mulliken electronegativity:     0.120067 Hartree,    3.2672 eV
 Chemical potential:            -0.120067 Hartree,   -3.2672 eV
 Hardness (=fundamental gap):    0.414507 Hartree,   11.2793 eV
 Softness:    2.412506 Hartree^-1,    0.0887 eV^-1
 Electrophilicity index:    0.017389 Hartree,    0.4732 eV
 Nucleophilicity index:     0.081342 Hartree,    2.2134 eV
