 Note: the E(HOMO) of TCE used for evaluating nucleophilicity index is the value evaluated at B3LYP/6-31G* level
 
 Hirshfeld charges, condensed Fukui functions and condensed dual descriptors
 Units used below are "e" (elementary charge)
     Atom     q(N)    q(N+1)   q(N-1)     f-       f+       f0      CDD
     1(C )  -0.0290  -0.1938   0.0844   0.1134   0.1648   0.1391   0.0514
     2(H )   0.0381  -0.0215   0.0777   0.0397   0.0596   0.0496   0.0199
     3(C )  -0.0536  -0.2072   0.0800   0.1336   0.1536   0.1436   0.0200
     4(H )   0.0412  -0.0195   0.0849   0.0437   0.0608   0.0522   0.0171
     5(C )   0.0377  -0.0078   0.0599   0.0222   0.0455   0.0339   0.0233
     6(H )   0.0399  -0.0101   0.0775   0.0376   0.0500   0.0438   0.0124
     7(H )   0.0410   0.0126   0.0626   0.0216   0.0283   0.0250   0.0067
     8(O )  -0.1314  -0.1538  -0.1060   0.0255   0.0224   0.0239  -0.0031
     9(C )   0.2628   0.2283   0.2894   0.0266   0.0344   0.0305   0.0079
    10(O )  -0.2985  -0.3410  -0.2081   0.0904   0.0425   0.0665  -0.0478
    11(O )  -0.1318  -0.1530  -0.0986   0.0333   0.0212   0.0272  -0.0121
    12(C )   0.0119  -0.0068   0.0247   0.0128   0.0187   0.0157   0.0059
    13(H )   0.0478   0.0293   0.0657   0.0179   0.0185   0.0182   0.0006
    14(H )   0.0431   0.0297   0.0554   0.0123   0.0135   0.0129   0.0012
    15(H )   0.0431   0.0282   0.0556   0.0125   0.0149   0.0137   0.0024
    16(C )  -0.0156  -0.0312   0.0093   0.0249   0.0156   0.0202  -0.0093
    17(C )  -0.0485  -0.0638  -0.0221   0.0263   0.0154   0.0208  -0.0110
    18(C )  -0.0492  -0.0634  -0.0244   0.0249   0.0142   0.0195  -0.0107
    19(H )   0.0303   0.0126   0.0491   0.0188   0.0177   0.0182  -0.0011
    20(C )  -0.0508  -0.0646  -0.0320   0.0187   0.0138   0.0163  -0.0049
    21(H )   0.0258   0.0122   0.0428   0.0170   0.0137   0.0153  -0.0033
    22(H )   0.0276   0.0136   0.0527   0.0251   0.0140   0.0196  -0.0111
    23(C )  -0.0491  -0.0625  -0.0295   0.0196   0.0134   0.0165  -0.0062
    24(H )   0.0254   0.0115   0.0434   0.0180   0.0139   0.0159  -0.0041
    25(H )   0.0299   0.0173   0.0500   0.0200   0.0126   0.0163  -0.0074
    26(C )  -0.0508  -0.0586  -0.0374   0.0135   0.0077   0.0106  -0.0058
    27(H )   0.0254   0.0128   0.0417   0.0164   0.0125   0.0145  -0.0038
    28(H )   0.0293   0.0057   0.0629   0.0336   0.0235   0.0286  -0.0100
    29(H )   0.0273   0.0135   0.0465   0.0191   0.0138   0.0165  -0.0053
    30(H )   0.0271   0.0050   0.0548   0.0277   0.0222   0.0249  -0.0055
    31(H )   0.0251   0.0183   0.0360   0.0109   0.0068   0.0089  -0.0042
    32(H )   0.0289   0.0084   0.0513   0.0225   0.0205   0.0215  -0.0019
 
 Condensed local electrophilicity/nucleophilicity index (e*eV)
     Atom              Electrophilicity          Nucleophilicity
     1(C )                  0.07610                  0.25985
     2(H )                  0.02751                  0.09089
     3(C )                  0.07092                  0.30629
     4(H )                  0.02806                  0.10005
     5(C )                  0.02101                  0.05100
     6(H )                  0.02309                  0.08619
     7(H )                  0.01309                  0.04952
     8(O )                  0.01035                  0.05837
     9(C )                  0.01591                  0.06095
    10(O )                  0.01964                  0.20717
    11(O )                  0.00977                  0.07626
    12(C )                  0.00864                  0.02931
    13(H )                  0.00854                  0.04099
    14(H )                  0.00623                  0.02809
    15(H )                  0.00688                  0.02866
    16(C )                  0.00719                  0.05710
    17(C )                  0.00709                  0.06035
    18(C )                  0.00655                  0.05702
    19(H )                  0.00817                  0.04309
    20(C )                  0.00637                  0.04297
    21(H )                  0.00631                  0.03895
    22(H )                  0.00646                  0.05759
    23(C )                  0.00618                  0.04492
    24(H )                  0.00641                  0.04125
    25(H )                  0.00582                  0.04591
    26(C )                  0.00357                  0.03093
    27(H )                  0.00579                  0.03752
    28(H )                  0.01087                  0.07699
    29(H )                  0.00639                  0.04386
    30(H )                  0.01024                  0.06351
    31(H )                  0.00313                  0.02509
    32(H )                  0.00947                  0.05148
 
 Condensed local softnesses (Hartree*e) and relative electrophilicity/nucleophilicity (dimensionless)
     Atom         s-          s+          s0        s+/s-       s-/s+
     1(C )      0.2793      0.4061      0.3427      1.4538      0.6879
     2(H )      0.0977      0.1468      0.1222      1.5026      0.6655
     3(C )      0.3292      0.3784      0.3538      1.1494      0.8700
     4(H )      0.1075      0.1497      0.1286      1.3922      0.7183
     5(C )      0.0548      0.1121      0.0835      2.0456      0.4889
     6(H )      0.0926      0.1232      0.1079      1.3300      0.7519
     7(H )      0.0532      0.0698      0.0615      1.3123      0.7620
     8(O )      0.0627      0.0552      0.0590      0.8801      1.1362
     9(C )      0.0655      0.0849      0.0752      1.2955      0.7719
    10(O )      0.2227      0.1048      0.1638      0.4707      2.1247
    11(O )      0.0820      0.0521      0.0670      0.6357      1.5730
    12(C )      0.0315      0.0461      0.0388      1.4630      0.6835
    13(H )      0.0441      0.0456      0.0448      1.0342      0.9669
    14(H )      0.0302      0.0332      0.0317      1.1005      0.9087
    15(H )      0.0308      0.0367      0.0338      1.1910      0.8396
    16(C )      0.0614      0.0384      0.0499      0.6251      1.5997
    17(C )      0.0649      0.0378      0.0514      0.5832      1.7146
    18(C )      0.0613      0.0349      0.0481      0.5700      1.7545
    19(H )      0.0463      0.0436      0.0450      0.9410      1.0627
    20(C )      0.0462      0.0340      0.0401      0.7360      1.3587
    21(H )      0.0419      0.0337      0.0378      0.8040      1.2437
    22(H )      0.0619      0.0345      0.0482      0.5567      1.7964
    23(C )      0.0483      0.0330      0.0406      0.6824      1.4653
    24(H )      0.0443      0.0342      0.0393      0.7720      1.2953
    25(H )      0.0493      0.0311      0.0402      0.6293      1.5890
    26(C )      0.0333      0.0190      0.0261      0.5722      1.7477
    27(H )      0.0403      0.0309      0.0356      0.7660      1.3054
    28(H )      0.0828      0.0580      0.0704      0.7011      1.4264
    29(H )      0.0471      0.0341      0.0406      0.7237      1.3818
    30(H )      0.0683      0.0546      0.0614      0.8001      1.2498
    31(H )      0.0270      0.0167      0.0218      0.6197      1.6137
    32(H )      0.0553      0.0505      0.0529      0.9134      1.0948
 
 E(N):     -655.674297 Hartree
 E(N+1):   -655.588720 Hartree
 E(N-1):   -655.353992 Hartree
 E_HOMO(N):     -0.250965 Hartree,   -6.8291 eV
 E_HOMO(N+1):    0.155932 Hartree,    4.2431 eV
 E_HOMO(N-1):   -0.419079 Hartree,  -11.4037 eV
 Vertical IP:    0.320305 Hartree,    8.7159 eV
 Vertical EA:   -0.085577 Hartree,   -2.3287 eV
 Mulliken electronegativity:     0.117364 Hartree,    3.1936 eV
 Chemical potential:            -0.117364 Hartree,   -3.1936 eV
 Hardness (=fundamental gap):    0.405882 Hartree,   11.0446 eV
 Softness:    2.463770 Hartree^-1,    0.0905 eV^-1
 Electrophilicity index:    0.016968 Hartree,    0.4617 eV
 Nucleophilicity index:     0.084233 Hartree,    2.2921 eV
