 Note: the E(HOMO) of TCE used for evaluating nucleophilicity index is the value evaluated at B3LYP/6-31G* level
 
 Hirshfeld charges, condensed Fukui functions and condensed dual descriptors
 Units used below are "e" (elementary charge)
     Atom     q(N)    q(N+1)   q(N-1)     f-       f+       f0      CDD
     1(C )  -0.0425  -0.0763  -0.0209   0.0216   0.0338   0.0277   0.0122
     2(C )  -0.0407  -0.0620  -0.0321   0.0087   0.0213   0.0150   0.0127
     3(C )   0.0028  -0.0047   0.0049   0.0021   0.0076   0.0048   0.0055
     4(C )  -0.0069  -0.0174   0.0006   0.0075   0.0105   0.0090   0.0030
     5(C )  -0.0441  -0.0783  -0.0232   0.0209   0.0342   0.0275   0.0134
     6(C )  -0.0476  -0.0813  -0.0227   0.0249   0.0336   0.0293   0.0087
     7(H )   0.0442   0.0234   0.0584   0.0141   0.0208   0.0175   0.0066
     8(H )   0.0402   0.0317   0.0436   0.0034   0.0084   0.0059   0.0050
     9(C )  -0.0143  -0.0457  -0.0028   0.0115   0.0315   0.0215   0.0200
    10(C )  -0.0413  -0.1008  -0.0077   0.0336   0.0595   0.0465   0.0259
    11(H )   0.0414   0.0207   0.0555   0.0142   0.0207   0.0174   0.0065
    12(H )   0.0432   0.0204   0.0598   0.0167   0.0227   0.0197   0.0061
    13(C )  -0.0563  -0.0908  -0.0456   0.0107   0.0344   0.0226   0.0237
    14(C )   0.0687   0.0358   0.0811   0.0124   0.0329   0.0227   0.0205
    15(H )   0.0441   0.0161   0.0620   0.0179   0.0280   0.0230   0.0101
    16(H )   0.0460   0.0235   0.0575   0.0115   0.0225   0.0170   0.0110
    17(C )  -0.0169  -0.0425   0.0136   0.0305   0.0256   0.0281  -0.0049
    18(C )   0.0069  -0.0007   0.0071   0.0002   0.0076   0.0039   0.0074
    19(C )   0.0726   0.0440   0.0979   0.0253   0.0286   0.0269   0.0033
    20(C )  -0.0034  -0.0127   0.0055   0.0089   0.0093   0.0091   0.0003
    21(C )  -0.0405  -0.0577  -0.0246   0.0159   0.0172   0.0165   0.0013
    22(C )  -0.0509  -0.0843  -0.0390   0.0119   0.0334   0.0226   0.0215
    23(C )  -0.0411  -0.0724  -0.0217   0.0194   0.0313   0.0253   0.0119
    24(C )  -0.0367  -0.0921  -0.0013   0.0354   0.0554   0.0454   0.0200
    25(C )  -0.0440  -0.0764  -0.0237   0.0203   0.0325   0.0264   0.0122
    26(H )   0.0369   0.0297   0.0446   0.0077   0.0072   0.0075  -0.0005
    27(H )   0.0447   0.0238   0.0587   0.0140   0.0209   0.0174   0.0069
    28(C )  -0.0489  -0.0779  -0.0192   0.0297   0.0290   0.0294  -0.0007
    29(H )   0.0411   0.0216   0.0559   0.0149   0.0194   0.0172   0.0046
    30(H )   0.0437   0.0173   0.0629   0.0192   0.0264   0.0228   0.0072
    31(H )   0.0420   0.0221   0.0576   0.0156   0.0198   0.0177   0.0042
    32(H )   0.0416   0.0206   0.0605   0.0189   0.0210   0.0199   0.0021
    33(O )  -0.2092  -0.2189  -0.1829   0.0263   0.0096   0.0180  -0.0167
    34(O )  -0.1692  -0.1778  -0.1589   0.0102   0.0087   0.0095  -0.0015
    35(P )   0.3207   0.2922   0.3767   0.0560   0.0284   0.0422  -0.0276
    36(N )  -0.1324  -0.1350  -0.1005   0.0319   0.0026   0.0172  -0.0293
    37(C )   0.0255   0.0251   0.0290   0.0035   0.0004   0.0020  -0.0031
    38(H )   0.0209   0.0198   0.0292   0.0083   0.0011   0.0047  -0.0072
    39(C )   0.0327   0.0307   0.0358   0.0032   0.0020   0.0026  -0.0012
    40(H )   0.0313   0.0283   0.0370   0.0058   0.0030   0.0044  -0.0028
    41(C )  -0.0164  -0.0155  -0.0212  -0.0048  -0.0009  -0.0029   0.0039
    42(C )  -0.0400  -0.0466  -0.0361   0.0039   0.0066   0.0052   0.0027
    43(C )   0.0750   0.0752   0.0751   0.0000  -0.0002  -0.0001  -0.0002
    44(C )  -0.0577  -0.0678  -0.0455   0.0122   0.0100   0.0111  -0.0022
    45(H )   0.0415   0.0376   0.0449   0.0034   0.0039   0.0037   0.0005
    46(C )  -0.0719  -0.0810  -0.0634   0.0085   0.0091   0.0088   0.0006
    47(C )  -0.0437  -0.0590  -0.0284   0.0153   0.0153   0.0153  -0.0000
    48(H )   0.0418   0.0332   0.0516   0.0098   0.0086   0.0092  -0.0012
    49(H )   0.0387   0.0322   0.0461   0.0074   0.0065   0.0069  -0.0009
    50(H )   0.0440   0.0338   0.0549   0.0109   0.0102   0.0105  -0.0007
    51(C )  -0.0216  -0.0196  -0.0009   0.0206  -0.0020   0.0093  -0.0226
    52(C )  -0.0476  -0.0485  -0.0389   0.0086   0.0009   0.0048  -0.0078
    53(C )   0.0719   0.0721   0.0902   0.0184  -0.0003   0.0090  -0.0186
    54(C )  -0.0574  -0.0593  -0.0357   0.0217   0.0019   0.0118  -0.0198
    55(H )   0.0331   0.0301   0.0413   0.0082   0.0030   0.0056  -0.0052
    56(C )  -0.0722  -0.0744  -0.0604   0.0117   0.0022   0.0070  -0.0095
    57(C )  -0.0446  -0.0461  -0.0169   0.0277   0.0015   0.0146  -0.0262
    58(H )   0.0368   0.0321   0.0508   0.0140   0.0047   0.0094  -0.0094
    59(H )   0.0355   0.0312   0.0470   0.0115   0.0043   0.0079  -0.0072
    60(H )   0.0392   0.0349   0.0541   0.0149   0.0043   0.0096  -0.0106
    61(C )  -0.0896  -0.0924  -0.0843   0.0053   0.0028   0.0041  -0.0025
    62(H )   0.0301   0.0263   0.0344   0.0043   0.0039   0.0041  -0.0004
    63(H )   0.0311   0.0348   0.0293  -0.0018  -0.0037  -0.0028  -0.0019
    64(H )   0.0328   0.0234   0.0467   0.0139   0.0095   0.0117  -0.0044
    65(C )  -0.0900  -0.0943  -0.0843   0.0058   0.0043   0.0050  -0.0015
    66(H )   0.0251   0.0207   0.0315   0.0064   0.0044   0.0054  -0.0020
    67(H )   0.0254   0.0197   0.0349   0.0095   0.0057   0.0076  -0.0038
    68(H )   0.0341   0.0280   0.0413   0.0073   0.0061   0.0067  -0.0012
    69(O )  -0.1136  -0.1080  -0.1200  -0.0065  -0.0056  -0.0060   0.0009
    70(O )  -0.1222  -0.1231  -0.1027   0.0195   0.0009   0.0102  -0.0187
    71(C )   0.0079   0.0061   0.0150   0.0072   0.0017   0.0045  -0.0054
    72(H )   0.0440   0.0396   0.0545   0.0105   0.0044   0.0075  -0.0061
    73(H )   0.0348   0.0404   0.0382   0.0034  -0.0056  -0.0011  -0.0090
    74(H )   0.0327   0.0229   0.0455   0.0128   0.0098   0.0113  -0.0030
    75(C )   0.0099   0.0088   0.0118   0.0019   0.0011   0.0015  -0.0008
    76(H )   0.0467   0.0485   0.0467   0.0001  -0.0018  -0.0009  -0.0019
    77(H )   0.0362   0.0334   0.0401   0.0039   0.0028   0.0034  -0.0011
    78(H )   0.0368   0.0301   0.0448   0.0080   0.0067   0.0073  -0.0012
 
 Condensed local electrophilicity/nucleophilicity index (e*eV)
     Atom              Electrophilicity          Nucleophilicity
     1(C )                  0.02451                  0.08528
     2(C )                  0.01549                  0.03427
     3(C )                  0.00549                  0.00832
     4(C )                  0.00762                  0.02954
     5(C )                  0.02486                  0.08249
     6(C )                  0.02443                  0.09839
     7(H )                  0.01509                  0.05589
     8(H )                  0.00613                  0.01345
     9(C )                  0.02284                  0.04543
    10(C )                  0.04320                  0.13261
    11(H )                  0.01502                  0.05592
    12(H )                  0.01652                  0.06592
    13(C )                  0.02500                  0.04247
    14(C )                  0.02392                  0.04896
    15(H )                  0.02035                  0.07069
    16(H )                  0.01635                  0.04563
    17(C )                  0.01861                  0.12060
    18(C )                  0.00549                  0.00085
    19(C )                  0.02077                  0.09986
    20(C )                  0.00672                  0.03524
    21(C )                  0.01249                  0.06276
    22(C )                  0.02426                  0.04699
    23(C )                  0.02273                  0.07658
    24(C )                  0.04026                  0.14006
    25(C )                  0.02359                  0.08012
    26(H )                  0.00524                  0.03043
    27(H )                  0.01519                  0.05522
    28(C )                  0.02108                  0.11747
    29(H )                  0.01412                  0.05879
    30(H )                  0.01915                  0.07593
    31(H )                  0.01441                  0.06173
    32(H )                  0.01525                  0.07467
    33(O )                  0.00700                  0.10400
    34(O )                  0.00630                  0.04042
    35(P )                  0.02065                  0.22148
    36(N )                  0.00189                  0.12599
    37(C )                  0.00029                  0.01398
    38(H )                  0.00081                  0.03271
    39(C )                  0.00142                  0.01245
    40(H )                  0.00218                  0.02283
    41(C )                 -0.00065                 -0.01906
    42(C )                  0.00480                  0.01534
    43(C )                 -0.00015                  0.00006
    44(C )                  0.00730                  0.04839
    45(H )                  0.00283                  0.01349
    46(C )                  0.00660                  0.03347
    47(C )                  0.01110                  0.06045
    48(H )                  0.00626                  0.03887
    49(H )                  0.00469                  0.02908
    50(H )                  0.00740                  0.04301
    51(C )                 -0.00142                  0.08158
    52(C )                  0.00064                  0.03417
    53(C )                 -0.00021                  0.07257
    54(C )                  0.00135                  0.08571
    55(H )                  0.00219                  0.03229
    56(C )                  0.00163                  0.04640
    57(C )                  0.00106                  0.10936
    58(H )                  0.00339                  0.05546
    59(H )                  0.00312                  0.04563
    60(H )                  0.00313                  0.05903
    61(C )                  0.00204                  0.02091
    62(H )                  0.00282                  0.01686
    63(H )                 -0.00270                 -0.00710
    64(H )                  0.00688                  0.05481
    65(C )                  0.00312                  0.02292
    66(H )                  0.00320                  0.02536
    67(H )                  0.00412                  0.03747
    68(H )                  0.00443                  0.02871
    69(O )                 -0.00404                 -0.02551
    70(O )                  0.00063                  0.07716
    71(C )                  0.00127                  0.02831
    72(H )                  0.00321                  0.04142
    73(H )                 -0.00408                  0.01357
    74(H )                  0.00714                  0.05078
    75(C )                  0.00081                  0.00761
    76(H )                 -0.00131                  0.00026
    77(H )                  0.00205                  0.01536
    78(H )                  0.00487                  0.03144
 
 Condensed local softnesses (Hartree*e) and relative electrophilicity/nucleophilicity (dimensionless)
     Atom         s-          s+          s0        s+/s-       s-/s+
     1(C )      0.0896      0.1401      0.1148      1.5642      0.6393
     2(C )      0.0360      0.0885      0.0623      2.4593      0.4066
     3(C )      0.0087      0.0314      0.0201      3.5885      0.2787
     4(C )      0.0310      0.0435      0.0373      1.4033      0.7126
     5(C )      0.0866      0.1421      0.1144      1.6398      0.6098
     6(C )      0.1033      0.1396      0.1215      1.3514      0.7400
     7(H )      0.0587      0.0862      0.0725      1.4690      0.6807
     8(H )      0.0141      0.0350      0.0246      2.4811      0.4030
     9(C )      0.0477      0.1306      0.0891      2.7361      0.3655
    10(C )      0.1393      0.2469      0.1931      1.7728      0.5641
    11(H )      0.0587      0.0859      0.0723      1.4619      0.6840
    12(H )      0.0692      0.0944      0.0818      1.3634      0.7334
    13(C )      0.0446      0.1429      0.0938      3.2039      0.3121
    14(C )      0.0514      0.1367      0.0941      2.6582      0.3762
    15(H )      0.0742      0.1163      0.0953      1.5664      0.6384
    16(H )      0.0479      0.0934      0.0707      1.9496      0.5129
    17(C )      0.1267      0.1064      0.1165      0.8397      1.1910
    18(C )      0.0009      0.0314      0.0161     35.2794      0.0283
    19(C )      0.1049      0.1187      0.1118      1.1319      0.8834
    20(C )      0.0370      0.0384      0.0377      1.0378      0.9636
    21(C )      0.0659      0.0714      0.0687      1.0831      0.9233
    22(C )      0.0494      0.1387      0.0940      2.8094      0.3559
    23(C )      0.0804      0.1299      0.1052      1.6151      0.6191
    24(C )      0.1471      0.2301      0.1886      1.5643      0.6393
    25(C )      0.0842      0.1348      0.1095      1.6020      0.6242
    26(H )      0.0320      0.0299      0.0309      0.9366      1.0676
    27(H )      0.0580      0.0868      0.0724      1.4968      0.6681
    28(C )      0.1234      0.1205      0.1219      0.9765      1.0241
    29(H )      0.0618      0.0807      0.0712      1.3074      0.7649
    30(H )      0.0798      0.1095      0.0946      1.3727      0.7285
    31(H )      0.0648      0.0824      0.0736      1.2703      0.7872
    32(H )      0.0784      0.0872      0.0828      1.1116      0.8996
    33(O )      0.1092      0.0400      0.0746      0.3661      2.7318
    34(O )      0.0425      0.0360      0.0392      0.8487      1.1782
    35(P )      0.2326      0.1180      0.1753      0.5074      1.9708
    36(N )      0.1323      0.0108      0.0716      0.0817     12.2387
    37(C )      0.0147      0.0017      0.0082      0.1137      8.7965
    38(H )      0.0344      0.0046      0.0195      0.1346      7.4307
    39(C )      0.0131      0.0081      0.0106      0.6223      1.6069
    40(H )      0.0240      0.0125      0.0182      0.5194      1.9255
    41(C )     -0.0200     -0.0037     -0.0119      0.1854      5.3949
    42(C )      0.0161      0.0274      0.0218      1.7020      0.5875
    43(C )      0.0001     -0.0009     -0.0004    -13.6456     -0.0733
    44(C )      0.0508      0.0417      0.0463      0.8208      1.2183
    45(H )      0.0142      0.0162      0.0152      1.1426      0.8752
    46(C )      0.0352      0.0377      0.0364      1.0738      0.9312
    47(C )      0.0635      0.0635      0.0635      0.9996      1.0004
    48(H )      0.0408      0.0358      0.0383      0.8765      1.1409
    49(H )      0.0305      0.0268      0.0287      0.8773      1.1398
    50(H )      0.0452      0.0423      0.0437      0.9360      1.0683
    51(C )      0.0857     -0.0081      0.0388     -0.0949    -10.5389
    52(C )      0.0359      0.0036      0.0198      0.1012      9.8785
    53(C )      0.0762     -0.0012      0.0375     -0.0156    -63.9233
    54(C )      0.0900      0.0077      0.0489      0.0858     11.6541
    55(H )      0.0339      0.0125      0.0232      0.3689      2.7108
    56(C )      0.0487      0.0093      0.0290      0.1911      5.2320
    57(C )      0.1149      0.0060      0.0605      0.0526     18.9981
    58(H )      0.0583      0.0194      0.0388      0.3329      3.0042
    59(H )      0.0479      0.0178      0.0329      0.3724      2.6856
    60(H )      0.0620      0.0179      0.0399      0.2883      3.4686
    61(C )      0.0220      0.0117      0.0168      0.5312      1.8824
    62(H )      0.0177      0.0161      0.0169      0.9100      1.0989
    63(H )     -0.0075     -0.0154     -0.0114      2.0675      0.4837
    64(H )      0.0576      0.0393      0.0484      0.6827      1.4647
    65(C )      0.0241      0.0178      0.0210      0.7412      1.3491
    66(H )      0.0266      0.0183      0.0225      0.6863      1.4570
    67(H )      0.0394      0.0235      0.0314      0.5982      1.6716
    68(H )      0.0302      0.0253      0.0277      0.8389      1.1920
    69(O )     -0.0268     -0.0231     -0.0249      0.8613      1.1611
    70(O )      0.0810      0.0036      0.0423      0.0441     22.6666
    71(C )      0.0297      0.0073      0.0185      0.2441      4.0964
    72(H )      0.0435      0.0183      0.0309      0.4216      2.3718
    73(H )      0.0143     -0.0233     -0.0045     -1.6361     -0.6112
    74(H )      0.0533      0.0408      0.0471      0.7654      1.3065
    75(C )      0.0080      0.0046      0.0063      0.5754      1.7379
    76(H )      0.0003     -0.0075     -0.0036    -27.5530     -0.0363
    77(H )      0.0161      0.0117      0.0139      0.7265      1.3765
    78(H )      0.0330      0.0279      0.0304      0.8436      1.1854
 
 E(N):    -2165.522422 Hartree
 E(N+1):  -2165.515363 Hartree
 E(N-1):  -2165.288572 Hartree
 E_HOMO(N):     -0.189961 Hartree,   -5.1691 eV
 E_HOMO(N+1):    0.052730 Hartree,    1.4349 eV
 E_HOMO(N-1):   -0.299957 Hartree,   -8.1622 eV
 Vertical IP:    0.233850 Hartree,    6.3634 eV
 Vertical EA:   -0.007058 Hartree,   -0.1921 eV
 Mulliken electronegativity:     0.113396 Hartree,    3.0857 eV
 Chemical potential:            -0.113396 Hartree,   -3.0857 eV
 Hardness (=fundamental gap):    0.240908 Hartree,    6.5554 eV
 Softness:    4.150965 Hartree^-1,    0.1525 eV^-1
 Electrophilicity index:    0.026688 Hartree,    0.7262 eV
 Nucleophilicity index:     0.145237 Hartree,    3.9521 eV
