 Note: the E(HOMO) of TCE used for evaluating nucleophilicity index is the value evaluated at B3LYP/6-31G* level
 
 Hirshfeld charges, condensed Fukui functions and condensed dual descriptors
 Units used below are "e" (elementary charge)
     Atom     q(N)    q(N+1)   q(N-1)     f-       f+       f0      CDD
     1(C )  -0.0001  -0.0344   0.0531   0.0533   0.0343   0.0438  -0.0189
     2(C )   0.0823   0.0475   0.1226   0.0403   0.0347   0.0375  -0.0056
     3(C )   0.0794   0.0018   0.1419   0.0624   0.0776   0.0700   0.0152
     4(C )   0.1120   0.0040   0.1475   0.0355   0.1080   0.0717   0.0725
     5(C )   0.0739  -0.0334   0.1498   0.0759   0.1073   0.0916   0.0314
     6(H )   0.0510   0.0059   0.0864   0.0354   0.0451   0.0403   0.0096
     7(N )  -0.1759  -0.2333  -0.1280   0.0479   0.0573   0.0526   0.0094
     8(N )  -0.0498  -0.0856  -0.0167   0.0331   0.0358   0.0345   0.0027
     9(H )   0.1639   0.1326   0.1915   0.0276   0.0313   0.0294   0.0037
    10(N )  -0.1706  -0.2310  -0.1329   0.0377   0.0605   0.0491   0.0228
    11(N )  -0.1908  -0.2951  -0.1170   0.0737   0.1043   0.0890   0.0306
    12(N )  -0.0512  -0.0621   0.0458   0.0970   0.0109   0.0540  -0.0861
    13(C )   0.2488   0.2338   0.2625   0.0136   0.0150   0.0143   0.0014
    14(O )  -0.2606  -0.3035  -0.1982   0.0625   0.0428   0.0527  -0.0196
    15(O )  -0.1166  -0.1137  -0.1064   0.0102  -0.0029   0.0036  -0.0131
    16(C )   0.2503   0.2342   0.2651   0.0148   0.0160   0.0154   0.0012
    17(O )  -0.2572  -0.3000  -0.1908   0.0664   0.0428   0.0546  -0.0237
    18(O )  -0.1184  -0.1180  -0.1073   0.0112  -0.0005   0.0053  -0.0117
    19(C )   0.1031   0.1030   0.1042   0.0011   0.0001   0.0006  -0.0010
    20(C )  -0.0921  -0.0977  -0.0852   0.0069   0.0056   0.0062  -0.0013
    21(C )  -0.0969  -0.1009  -0.0915   0.0054   0.0040   0.0047  -0.0014
    22(C )  -0.0885  -0.0906  -0.0846   0.0039   0.0021   0.0030  -0.0018
    23(H )   0.0333   0.0274   0.0404   0.0071   0.0059   0.0065  -0.0013
    24(H )   0.0370   0.0323   0.0410   0.0041   0.0047   0.0044   0.0006
    25(H )   0.0341   0.0201   0.0505   0.0164   0.0139   0.0152  -0.0025
    26(H )   0.0247   0.0289   0.0224  -0.0023  -0.0042  -0.0033  -0.0018
    27(H )   0.0312   0.0161   0.0490   0.0178   0.0151   0.0165  -0.0027
    28(H )   0.0346   0.0286   0.0401   0.0054   0.0061   0.0057   0.0007
    29(H )   0.0354   0.0209   0.0509   0.0155   0.0145   0.0150  -0.0010
    30(H )   0.0303   0.0373   0.0266  -0.0037  -0.0070  -0.0053  -0.0033
    31(H )   0.0343   0.0302   0.0400   0.0057   0.0041   0.0049  -0.0015
    32(C )   0.1026   0.1020   0.1043   0.0017   0.0006   0.0012  -0.0011
    33(C )  -0.0919  -0.0971  -0.0855   0.0064   0.0052   0.0058  -0.0012
    34(C )  -0.0932  -0.0968  -0.0879   0.0053   0.0036   0.0045  -0.0017
    35(C )  -0.0877  -0.0902  -0.0840   0.0036   0.0025   0.0031  -0.0012
    36(H )   0.0338   0.0286   0.0404   0.0066   0.0052   0.0059  -0.0013
    37(H )   0.0367   0.0325   0.0405   0.0038   0.0043   0.0040   0.0005
    38(H )   0.0338   0.0202   0.0499   0.0161   0.0137   0.0149  -0.0024
    39(H )   0.0320   0.0355   0.0311  -0.0008  -0.0035  -0.0022  -0.0026
    40(H )   0.0338   0.0189   0.0510   0.0172   0.0150   0.0161  -0.0022
    41(H )   0.0356   0.0306   0.0397   0.0041   0.0050   0.0045   0.0009
    42(H )   0.0356   0.0215   0.0505   0.0148   0.0142   0.0145  -0.0007
    43(H )   0.0339   0.0385   0.0319  -0.0019  -0.0046  -0.0033  -0.0027
    44(H )   0.0345   0.0309   0.0391   0.0046   0.0035   0.0041  -0.0011
    45(H )   0.0701   0.0200   0.1065   0.0365   0.0501   0.0433   0.0136
 
 Condensed local electrophilicity/nucleophilicity index (e*eV)
     Atom              Electrophilicity          Nucleophilicity
     1(C )                  0.03198                  0.12855
     2(C )                  0.03235                  0.09740
     3(C )                  0.07233                  0.15067
     4(C )                  0.10057                  0.08570
     5(C )                  0.09995                  0.18315
     6(H )                  0.04199                  0.08555
     7(N )                  0.05342                  0.11567
     8(N )                  0.03338                  0.07988
     9(H )                  0.02914                  0.06665
    10(N )                  0.05632                  0.09098
    11(N )                  0.09719                  0.17804
    12(N )                  0.01015                  0.23424
    13(C )                  0.01402                  0.03294
    14(O )                  0.03992                  0.15086
    15(O )                 -0.00273                  0.02466
    16(C )                  0.01494                  0.03575
    17(O )                  0.03983                  0.16041
    18(O )                 -0.00046                  0.02701
    19(C )                  0.00010                  0.00276
    20(C )                  0.00519                  0.01654
    21(C )                  0.00368                  0.01298
    22(C )                  0.00198                  0.00938
    23(H )                  0.00548                  0.01724
    24(H )                  0.00435                  0.00982
    25(H )                  0.01298                  0.03969
    26(H )                 -0.00390                 -0.00566
    27(H )                  0.01410                  0.04298
    28(H )                  0.00566                  0.01308
    29(H )                  0.01346                  0.03741
    30(H )                 -0.00650                 -0.00886
    31(H )                  0.00385                  0.01366
    32(C )                  0.00059                  0.00419
    33(C )                  0.00486                  0.01548
    34(C )                  0.00335                  0.01288
    35(C )                  0.00231                  0.00880
    36(H )                  0.00488                  0.01586
    37(H )                  0.00397                  0.00916
    38(H )                  0.01273                  0.03889
    39(H )                 -0.00324                 -0.00205
    40(H )                  0.01395                  0.04151
    41(H )                  0.00465                  0.00987
    42(H )                  0.01319                  0.03583
    43(H )                 -0.00429                 -0.00465
    44(H )                  0.00330                  0.01119
    45(H )                  0.04664                  0.08801
 
 Condensed local softnesses (Hartree*e) and relative electrophilicity/nucleophilicity (dimensionless)
     Atom         s-          s+          s0        s+/s-       s-/s+
     1(C )      0.1664      0.1072      0.1368      0.6446      1.5514
     2(C )      0.1261      0.1085      0.1173      0.8606      1.1619
     3(C )      0.1950      0.2426      0.2188      1.2440      0.8038
     4(C )      0.1109      0.3373      0.2241      3.0409      0.3289
     5(C )      0.2370      0.3352      0.2861      1.4142      0.7071
     6(H )      0.1107      0.1408      0.1258      1.2719      0.7862
     7(N )      0.1497      0.1791      0.1644      1.1967      0.8356
     8(N )      0.1034      0.1120      0.1077      1.0830      0.9233
     9(H )      0.0863      0.0977      0.0920      1.1330      0.8826
    10(N )      0.1177      0.1889      0.1533      1.6043      0.6233
    11(N )      0.2304      0.3260      0.2782      1.4146      0.7069
    12(N )      0.3032      0.0340      0.1686      0.1123      8.9085
    13(C )      0.0426      0.0470      0.0448      1.1025      0.9070
    14(O )      0.1952      0.1339      0.1646      0.6857      1.4584
    15(O )      0.0319     -0.0092      0.0114     -0.2872     -3.4825
    16(C )      0.0463      0.0501      0.0482      1.0832      0.9232
    17(O )      0.2076      0.1336      0.1706      0.6434      1.5542
    18(O )      0.0350     -0.0016      0.0167     -0.0445    -22.4904
    19(C )      0.0036      0.0003      0.0019      0.0905     11.0507
    20(C )      0.0214      0.0174      0.0194      0.8133      1.2295
    21(C )      0.0168      0.0124      0.0146      0.7356      1.3595
    22(C )      0.0121      0.0066      0.0094      0.5459      1.8317
    23(H )      0.0223      0.0184      0.0204      0.8246      1.2127
    24(H )      0.0127      0.0146      0.0136      1.1477      0.8713
    25(H )      0.0514      0.0435      0.0475      0.8476      1.1798
    26(H )     -0.0073     -0.0131     -0.0102      1.7832      0.5608
    27(H )      0.0556      0.0473      0.0515      0.8498      1.1767
    28(H )      0.0169      0.0190      0.0180      1.1216      0.8916
    29(H )      0.0484      0.0452      0.0468      0.9326      1.0723
    30(H )     -0.0115     -0.0218     -0.0166      1.9008      0.5261
    31(H )      0.0177      0.0129      0.0153      0.7298      1.3703
    32(C )      0.0054      0.0020      0.0037      0.3664      2.7291
    33(C )      0.0200      0.0163      0.0182      0.8136      1.2291
    34(C )      0.0167      0.0112      0.0140      0.6743      1.4831
    35(C )      0.0114      0.0077      0.0096      0.6798      1.4710
    36(H )      0.0205      0.0164      0.0184      0.7972      1.2544
    37(H )      0.0119      0.0133      0.0126      1.1233      0.8902
    38(H )      0.0503      0.0427      0.0465      0.8481      1.1791
    39(H )     -0.0027     -0.0109     -0.0068      4.0925      0.2444
    40(H )      0.0537      0.0468      0.0503      0.8711      1.1480
    41(H )      0.0128      0.0156      0.0142      1.2204      0.8194
    42(H )      0.0464      0.0442      0.0453      0.9540      1.0482
    43(H )     -0.0060     -0.0144     -0.0102      2.3907      0.4183
    44(H )      0.0145      0.0111      0.0128      0.7640      1.3089
    45(H )      0.1139      0.1564      0.1352      1.3733      0.7282
 
 E(N):    -1158.952998 Hartree
 E(N+1):  -1158.941006 Hartree
 E(N-1):  -1158.644933 Hartree
 E_HOMO(N):     -0.246481 Hartree,   -6.7071 eV
 E_HOMO(N+1):    0.075406 Hartree,    2.0519 eV
 E_HOMO(N-1):   -0.405848 Hartree,  -11.0437 eV
 Vertical IP:    0.308065 Hartree,    8.3829 eV
 Vertical EA:   -0.011991 Hartree,   -0.3263 eV
 Mulliken electronegativity:     0.148037 Hartree,    4.0283 eV
 Chemical potential:            -0.148037 Hartree,   -4.0283 eV
 Hardness (=fundamental gap):    0.320056 Hartree,    8.7092 eV
 Softness:    3.124451 Hartree^-1,    0.1148 eV^-1
 Electrophilicity index:    0.034236 Hartree,    0.9316 eV
 Nucleophilicity index:     0.088717 Hartree,    2.4141 eV
