 Note: the E(HOMO) of TCE used for evaluating nucleophilicity index is the value evaluated at B3LYP/6-31G* level
 
 Hirshfeld charges, condensed Fukui functions and condensed dual descriptors
 Units used below are "e" (elementary charge)
     Atom     q(N)    q(N+1)   q(N-1)     f-       f+       f0      CDD
     1(C )  -0.0258  -0.0498  -0.0009   0.0249   0.0241   0.0245  -0.0008
     2(C )   0.0272   0.0087   0.0552   0.0280   0.0184   0.0232  -0.0096
     3(C )  -0.0588  -0.1258   0.0188   0.0776   0.0670   0.0723  -0.0107
     4(C )  -0.0693  -0.1395  -0.0389   0.0304   0.0702   0.0503   0.0398
     5(C )   0.0633   0.0264   0.1322   0.0690   0.0369   0.0529  -0.0321
     6(C )  -0.0642  -0.1290   0.0373   0.1015   0.0649   0.0832  -0.0366
     7(C )  -0.0739  -0.1466   0.0028   0.0767   0.0727   0.0747  -0.0040
     8(C )   0.0090  -0.0495   0.0523   0.0433   0.0585   0.0509   0.0152
     9(H )   0.0439   0.0089   0.0819   0.0380   0.0350   0.0365  -0.0030
    10(H )   0.0384   0.0043   0.0657   0.0273   0.0341   0.0307   0.0067
    11(H )   0.0462   0.0123   0.0873   0.0411   0.0339   0.0375  -0.0072
    12(H )   0.0515   0.0166   0.0867   0.0352   0.0349   0.0351  -0.0003
    13(N )  -0.0565  -0.0887   0.0226   0.0791   0.0323   0.0557  -0.0468
    14(H )   0.1492   0.1259   0.1830   0.0338   0.0233   0.0286  -0.0105
    15(C )   0.1966   0.1061   0.2067   0.0101   0.0905   0.0503   0.0804
    16(O )  -0.2885  -0.3908  -0.2518   0.0366   0.1024   0.0695   0.0657
    17(O )  -0.1172  -0.1531  -0.1069   0.0102   0.0360   0.0231   0.0257
    18(C )   0.0393   0.0269   0.0461   0.0068   0.0124   0.0096   0.0056
    19(C )  -0.0845  -0.0934  -0.0796   0.0049   0.0089   0.0069   0.0040
    20(H )   0.0391   0.0237   0.0482   0.0091   0.0154   0.0122   0.0063
    21(H )   0.0391   0.0237   0.0482   0.0091   0.0154   0.0122   0.0063
    22(H )   0.0400   0.0211   0.0529   0.0129   0.0189   0.0159   0.0060
    23(H )   0.0374   0.0290   0.0413   0.0038   0.0084   0.0061   0.0046
    24(H )   0.0374   0.0290   0.0413   0.0038   0.0084   0.0061   0.0046
    25(O )  -0.1400  -0.1597  -0.0566   0.0834   0.0197   0.0515  -0.0638
    26(C )   0.0075  -0.0050   0.0310   0.0235   0.0125   0.0180  -0.0109
    27(H )   0.0462   0.0257   0.0735   0.0273   0.0205   0.0239  -0.0067
    28(H )   0.0337   0.0215   0.0599   0.0262   0.0122   0.0192  -0.0140
    29(H )   0.0337   0.0215   0.0599   0.0262   0.0122   0.0192  -0.0140
 
 Condensed local electrophilicity/nucleophilicity index (e*eV)
     Atom              Electrophilicity          Nucleophilicity
     1(C )                  0.01624                  0.09485
     2(C )                  0.01243                  0.10668
     3(C )                  0.04516                  0.29579
     4(C )                  0.04736                  0.11575
     5(C )                  0.02488                  0.26268
     6(C )                  0.04375                  0.38655
     7(C )                  0.04904                  0.29215
     8(C )                  0.03947                  0.16493
     9(H )                  0.02360                  0.14481
    10(H )                  0.02297                  0.10419
    11(H )                  0.02287                  0.15654
    12(H )                  0.02354                  0.13412
    13(N )                  0.02176                  0.30131
    14(H )                  0.01574                  0.12877
    15(C )                  0.06103                  0.03854
    16(O )                  0.06904                  0.13959
    17(O )                  0.02426                  0.03904
    18(C )                  0.00835                  0.02586
    19(C )                  0.00600                  0.01869
    20(H )                  0.01038                  0.03468
    21(H )                  0.01038                  0.03469
    22(H )                  0.01274                  0.04922
    23(H )                  0.00568                  0.01465
    24(H )                  0.00568                  0.01466
    25(O )                  0.01325                  0.31782
    26(C )                  0.00845                  0.08935
    27(H )                  0.01386                  0.10392
    28(H )                  0.00826                  0.09986
    29(H )                  0.00826                  0.09988
 
 Condensed local softnesses (Hartree*e) and relative electrophilicity/nucleophilicity (dimensionless)
     Atom         s-          s+          s0        s+/s-       s-/s+
     1(C )      0.0876      0.0847      0.0862      0.9669      1.0343
     2(C )      0.0985      0.0648      0.0817      0.6581      1.5195
     3(C )      0.2732      0.2356      0.2544      0.8625      1.1595
     4(C )      0.1069      0.2471      0.1770      2.3114      0.4326
     5(C )      0.2426      0.1298      0.1862      0.5350      1.8692
     6(C )      0.3570      0.2282      0.2926      0.6393      1.5643
     7(C )      0.2698      0.2558      0.2628      0.9482      1.0546
     8(C )      0.1523      0.2059      0.1791      1.3516      0.7398
     9(H )      0.1337      0.1231      0.1284      0.9204      1.0865
    10(H )      0.0962      0.1198      0.1080      1.2455      0.8029
    11(H )      0.1446      0.1193      0.1319      0.8251      1.2119
    12(H )      0.1239      0.1228      0.1233      0.9914      1.0087
    13(N )      0.2783      0.1135      0.1959      0.4079      2.4517
    14(H )      0.1189      0.0821      0.1005      0.6905      1.4482
    15(C )      0.0356      0.3184      0.1770      8.9454      0.1118
    16(O )      0.1289      0.3602      0.2446      2.7941      0.3579
    17(O )      0.0361      0.1265      0.0813      3.5101      0.2849
    18(C )      0.0239      0.0436      0.0337      1.8235      0.5484
    19(C )      0.0173      0.0313      0.0243      1.8133      0.5515
    20(H )      0.0320      0.0541      0.0431      1.6901      0.5917
    21(H )      0.0320      0.0542      0.0431      1.6903      0.5916
    22(H )      0.0455      0.0665      0.0560      1.4623      0.6839
    23(H )      0.0135      0.0296      0.0216      2.1891      0.4568
    24(H )      0.0135      0.0296      0.0216      2.1882      0.4570
    25(O )      0.2935      0.0691      0.1813      0.2356      4.2451
    26(C )      0.0825      0.0441      0.0633      0.5344      1.8712
    27(H )      0.0960      0.0723      0.0841      0.7533      1.3274
    28(H )      0.0922      0.0431      0.0677      0.4673      2.1401
    29(H )      0.0922      0.0431      0.0677      0.4672      2.1403
 
 E(N):     -745.538908 Hartree
 E(N+1):   -745.515493 Hartree
 E(N-1):   -745.278102 Hartree
 E_HOMO(N):     -0.195196 Hartree,   -5.3116 eV
 E_HOMO(N+1):    0.085701 Hartree,    2.3320 eV
 E_HOMO(N-1):   -0.384929 Hartree,  -10.4745 eV
 Vertical IP:    0.260806 Hartree,    7.0969 eV
 Vertical EA:   -0.023415 Hartree,   -0.6372 eV
 Mulliken electronegativity:     0.118695 Hartree,    3.2299 eV
 Chemical potential:            -0.118695 Hartree,   -3.2299 eV
 Hardness (=fundamental gap):    0.284221 Hartree,    7.7340 eV
 Softness:    3.518394 Hartree^-1,    0.1293 eV^-1
 Electrophilicity index:    0.024785 Hartree,    0.6744 eV
 Nucleophilicity index:     0.140002 Hartree,    3.8096 eV
