 Note: the E(HOMO) of TCE used for evaluating nucleophilicity index is the value evaluated at B3LYP/6-31G* level
 
 Hirshfeld charges, condensed Fukui functions and condensed dual descriptors
 Units used below are "e" (elementary charge)
     Atom     q(N)    q(N+1)   q(N-1)     f-       f+       f0      CDD
     1(C )  -0.0199  -0.0269   0.0083   0.0282   0.0070   0.0176  -0.0213
     2(C )   0.0291   0.0179   0.0581   0.0289   0.0113   0.0201  -0.0177
     3(C )  -0.0624  -0.1016  -0.0088   0.0537   0.0392   0.0464  -0.0144
     4(C )  -0.0475  -0.0900   0.0330   0.0804   0.0425   0.0615  -0.0379
     5(C )  -0.0509  -0.0903  -0.0122   0.0387   0.0394   0.0391   0.0007
     6(C )  -0.0356  -0.0696   0.0257   0.0613   0.0340   0.0476  -0.0273
     7(C )  -0.0572  -0.0941   0.0206   0.0778   0.0370   0.0574  -0.0408
     8(C )   0.0505  -0.0072   0.1125   0.0620   0.0577   0.0598  -0.0043
     9(H )   0.0416   0.0180   0.0724   0.0308   0.0236   0.0272  -0.0072
    10(H )   0.0427   0.0158   0.0798   0.0371   0.0269   0.0320  -0.0103
    11(H )   0.0426   0.0167   0.0727   0.0301   0.0259   0.0280  -0.0042
    12(H )   0.0481   0.0303   0.0753   0.0272   0.0178   0.0225  -0.0094
    13(N )  -0.0491  -0.0824  -0.0169   0.0322   0.0333   0.0328   0.0011
    14(H )   0.1475   0.1267   0.1718   0.0243   0.0208   0.0226  -0.0035
    15(C )   0.1095   0.0478   0.1400   0.0305   0.0617   0.0461   0.0312
    16(O )  -0.2581  -0.3450  -0.1805   0.0776   0.0869   0.0822   0.0093
    17(H )   0.0243  -0.0001   0.0488   0.0245   0.0243   0.0244  -0.0002
    18(C )  -0.0061  -0.0428   0.0012   0.0072   0.0367   0.0220   0.0294
    19(C )  -0.0441  -0.0878  -0.0198   0.0242   0.0437   0.0340   0.0195
    20(C )  -0.0335  -0.0687  -0.0126   0.0209   0.0352   0.0281   0.0143
    21(C )  -0.0376  -0.0770  -0.0084   0.0292   0.0395   0.0343   0.0102
    22(H )   0.0419   0.0178   0.0552   0.0133   0.0241   0.0187   0.0107
    23(C )  -0.0348  -0.0762  -0.0072   0.0277   0.0414   0.0345   0.0137
    24(H )   0.0480   0.0286   0.0590   0.0110   0.0194   0.0152   0.0084
    25(C )  -0.0353  -0.1104   0.0161   0.0514   0.0751   0.0632   0.0237
    26(H )   0.0481   0.0191   0.0700   0.0220   0.0289   0.0255   0.0070
    27(H )   0.0497   0.0207   0.0709   0.0212   0.0290   0.0251   0.0077
    28(H )   0.0485   0.0106   0.0748   0.0262   0.0379   0.0321   0.0117
 
 Condensed local electrophilicity/nucleophilicity index (e*eV)
     Atom              Electrophilicity          Nucleophilicity
     1(C )                  0.00604                  0.09574
     2(C )                  0.00975                  0.09809
     3(C )                  0.03398                  0.18193
     4(C )                  0.03684                  0.27273
     5(C )                  0.03415                  0.13121
     6(C )                  0.02943                  0.20784
     7(C )                  0.03204                  0.26377
     8(C )                  0.04999                  0.21012
     9(H )                  0.02043                  0.10444
    10(H )                  0.02330                  0.12593
    11(H )                  0.02245                  0.10206
    12(H )                  0.01539                  0.09220
    13(N )                  0.02886                  0.10927
    14(H )                  0.01803                  0.08239
    15(C )                  0.05346                  0.10344
    16(O )                  0.07531                  0.26307
    17(H )                  0.02110                  0.08321
    18(C )                  0.03177                  0.02454
    19(C )                  0.03788                  0.08221
    20(C )                  0.03053                  0.07102
    21(C )                  0.03419                  0.09901
    22(H )                  0.02086                  0.04523
    23(C )                  0.03586                  0.09374
    24(H )                  0.01682                  0.03740
    25(C )                  0.06508                  0.17426
    26(H )                  0.02508                  0.07446
    27(H )                  0.02511                  0.07200
    28(H )                  0.03287                  0.08890
 
 Condensed local softnesses (Hartree*e) and relative electrophilicity/nucleophilicity (dimensionless)
     Atom         s-          s+          s0        s+/s-       s-/s+
     1(C )      0.1024      0.0253      0.0638      0.2466      4.0546
     2(C )      0.1049      0.0408      0.0729      0.3890      2.5705
     3(C )      0.1946      0.1422      0.1684      0.7308      1.3684
     4(C )      0.2918      0.1542      0.2230      0.5285      1.8923
     5(C )      0.1404      0.1429      0.1416      1.0180      0.9823
     6(C )      0.2223      0.1232      0.1728      0.5539      1.8054
     7(C )      0.2822      0.1341      0.2081      0.4752      2.1044
     8(C )      0.2248      0.2092      0.2170      0.9306      1.0745
     9(H )      0.1117      0.0855      0.0986      0.7654      1.3065
    10(H )      0.1347      0.0975      0.1161      0.7239      1.3814
    11(H )      0.1092      0.0940      0.1016      0.8606      1.1619
    12(H )      0.0986      0.0644      0.0815      0.6530      1.5313
    13(N )      0.1169      0.1208      0.1188      1.0332      0.9679
    14(H )      0.0881      0.0755      0.0818      0.8561      1.1681
    15(C )      0.1107      0.2237      0.1672      2.0220      0.4946
    16(O )      0.2814      0.3152      0.2983      1.1199      0.8930
    17(H )      0.0890      0.0883      0.0887      0.9919      1.0081
    18(C )      0.0263      0.1330      0.0796      5.0652      0.1974
    19(C )      0.0879      0.1585      0.1232      1.8026      0.5548
    20(C )      0.0760      0.1278      0.1019      1.6815      0.5947
    21(C )      0.1059      0.1431      0.1245      1.3510      0.7402
    22(H )      0.0484      0.0873      0.0679      1.8045      0.5542
    23(C )      0.1003      0.1501      0.1252      1.4963      0.6683
    24(H )      0.0400      0.0704      0.0552      1.7597      0.5683
    25(C )      0.1864      0.2724      0.2294      1.4610      0.6845
    26(H )      0.0797      0.1050      0.0923      1.3179      0.7588
    27(H )      0.0770      0.1051      0.0911      1.3642      0.7330
    28(H )      0.0951      0.1376      0.1163      1.4466      0.6913
 
 E(N):     -708.206242 Hartree
 E(N+1):   -708.200903 Hartree
 E(N-1):   -707.935858 Hartree
 E_HOMO(N):     -0.210608 Hartree,   -5.7309 eV
 E_HOMO(N+1):    0.062242 Hartree,    1.6937 eV
 E_HOMO(N-1):   -0.384555 Hartree,  -10.4643 eV
 Vertical IP:    0.270384 Hartree,    7.3575 eV
 Vertical EA:   -0.005338 Hartree,   -0.1453 eV
 Mulliken electronegativity:     0.132523 Hartree,    3.6061 eV
 Chemical potential:            -0.132523 Hartree,   -3.6061 eV
 Hardness (=fundamental gap):    0.275722 Hartree,    7.5028 eV
 Softness:    3.626842 Hartree^-1,    0.1333 eV^-1
 Electrophilicity index:    0.031848 Hartree,    0.8666 eV
 Nucleophilicity index:     0.124590 Hartree,    3.3903 eV
