 Note: the E(HOMO) of TCE used for evaluating nucleophilicity index is the value evaluated at B3LYP/6-31G* level
 
 Hirshfeld charges, condensed Fukui functions and condensed dual descriptors
 Units used below are "e" (elementary charge)
     Atom     q(N)    q(N+1)   q(N-1)     f-       f+       f0      CDD
     1(C )  -0.0283  -0.0383  -0.0162   0.0121   0.0100   0.0111  -0.0022
     2(C )   0.0281   0.0162   0.0511   0.0231   0.0119   0.0175  -0.0111
     3(C )  -0.0640  -0.1075  -0.0225   0.0415   0.0434   0.0425   0.0019
     4(C )  -0.0524  -0.0999   0.0102   0.0626   0.0475   0.0550  -0.0151
     5(C )  -0.0586  -0.0935  -0.0231   0.0355   0.0349   0.0352  -0.0006
     6(C )  -0.0468  -0.0890   0.0008   0.0477   0.0422   0.0449  -0.0054
     7(C )  -0.0409  -0.0788   0.0351   0.0760   0.0379   0.0569  -0.0381
     8(C )   0.0298  -0.0112   0.0972   0.0674   0.0409   0.0542  -0.0265
     9(H )   0.0401   0.0159   0.0656   0.0255   0.0242   0.0249  -0.0013
    10(H )   0.0405   0.0130   0.0717   0.0312   0.0275   0.0294  -0.0037
    11(H )   0.0393   0.0151   0.0653   0.0260   0.0242   0.0251  -0.0019
    12(H )   0.0406   0.0210   0.0623   0.0217   0.0197   0.0207  -0.0020
    13(N )  -0.0607  -0.0836  -0.0238   0.0370   0.0228   0.0299  -0.0141
    14(H )   0.1428   0.1266   0.1665   0.0238   0.0161   0.0200  -0.0076
    15(C )  -0.0058  -0.0479  -0.0017   0.0041   0.0421   0.0231   0.0379
    16(C )  -0.0499  -0.0911  -0.0277   0.0223   0.0412   0.0317   0.0189
    17(C )  -0.0351  -0.0707  -0.0165   0.0186   0.0356   0.0271   0.0169
    18(C )  -0.0431  -0.0812  -0.0152   0.0278   0.0381   0.0330   0.0103
    19(H )   0.0382   0.0152   0.0510   0.0128   0.0230   0.0179   0.0102
    20(C )  -0.0388  -0.0762  -0.0164   0.0225   0.0374   0.0299   0.0149
    21(H )   0.0453   0.0277   0.0526   0.0073   0.0177   0.0125   0.0104
    22(C )  -0.0424  -0.1145   0.0035   0.0459   0.0721   0.0590   0.0262
    23(H )   0.0445   0.0171   0.0655   0.0209   0.0275   0.0242   0.0065
    24(H )   0.0464   0.0203   0.0649   0.0185   0.0260   0.0223   0.0076
    25(H )   0.0448   0.0087   0.0691   0.0243   0.0361   0.0302   0.0117
    26(C )   0.0015  -0.0054   0.0095   0.0080   0.0069   0.0074  -0.0011
    27(C )  -0.0446  -0.0613  -0.0229   0.0218   0.0166   0.0192  -0.0051
    28(C )  -0.0422  -0.0538  -0.0202   0.0220   0.0116   0.0168  -0.0104
    29(C )  -0.0455  -0.0706  -0.0178   0.0276   0.0251   0.0264  -0.0025
    30(H )   0.0412   0.0307   0.0530   0.0118   0.0105   0.0112  -0.0013
    31(C )  -0.0439  -0.0651  -0.0187   0.0252   0.0212   0.0232  -0.0040
    32(H )   0.0406   0.0346   0.0517   0.0111   0.0060   0.0085  -0.0052
    33(C )  -0.0476  -0.0889   0.0011   0.0487   0.0413   0.0450  -0.0074
    34(H )   0.0425   0.0229   0.0639   0.0215   0.0196   0.0205  -0.0019
    35(H )   0.0429   0.0257   0.0634   0.0205   0.0173   0.0189  -0.0032
    36(H )   0.0421   0.0182   0.0678   0.0257   0.0240   0.0248  -0.0017
 
 Condensed local electrophilicity/nucleophilicity index (e*eV)
     Atom              Electrophilicity          Nucleophilicity
     1(C )                  0.00645                  0.04844
     2(C )                  0.00772                  0.09208
     3(C )                  0.02812                  0.16581
     4(C )                  0.03073                  0.24976
     5(C )                  0.02260                  0.14173
     6(C )                  0.02734                  0.19026
     7(C )                  0.02455                  0.30334
     8(C )                  0.02651                  0.26919
     9(H )                  0.01568                  0.10179
    10(H )                  0.01784                  0.12475
    11(H )                  0.01564                  0.10389
    12(H )                  0.01274                  0.08665
    13(N )                  0.01479                  0.14757
    14(H )                  0.01045                  0.09491
    15(C )                  0.02724                  0.01655
    16(C )                  0.02666                  0.08889
    17(C )                  0.02303                  0.07446
    18(C )                  0.02469                  0.11110
    19(H )                  0.01488                  0.05094
    20(C )                  0.02421                  0.08963
    21(H )                  0.01143                  0.02913
    22(C )                  0.04665                  0.18326
    23(H )                  0.01778                  0.08351
    24(H )                  0.01686                  0.07376
    25(H )                  0.02334                  0.09706
    26(C )                  0.00447                  0.03176
    27(C )                  0.01078                  0.08685
    28(C )                  0.00751                  0.08802
    29(C )                  0.01626                  0.11035
    30(H )                  0.00681                  0.04728
    31(C )                  0.01372                  0.10062
    32(H )                  0.00386                  0.04442
    33(C )                  0.02675                  0.19458
    34(H )                  0.01267                  0.08567
    35(H )                  0.01117                  0.08180
    36(H )                  0.01551                  0.10241
 
 Condensed local softnesses (Hartree*e) and relative electrophilicity/nucleophilicity (dimensionless)
     Atom         s-          s+          s0        s+/s-       s-/s+
     1(C )      0.0464      0.0381      0.0422      0.8216      1.2171
     2(C )      0.0882      0.0456      0.0669      0.5168      1.9352
     3(C )      0.1587      0.1660      0.1624      1.0457      0.9563
     4(C )      0.2391      0.1814      0.2103      0.7588      1.3179
     5(C )      0.1357      0.1334      0.1345      0.9834      1.0169
     6(C )      0.1821      0.1614      0.1718      0.8859      1.1287
     7(C )      0.2904      0.1449      0.2177      0.4990      2.0038
     8(C )      0.2577      0.1565      0.2071      0.6072      1.6469
     9(H )      0.0974      0.0926      0.0950      0.9499      1.0528
    10(H )      0.1194      0.1053      0.1124      0.8816      1.1344
    11(H )      0.0995      0.0923      0.0959      0.9284      1.0771
    12(H )      0.0830      0.0752      0.0791      0.9067      1.1028
    13(N )      0.1413      0.0873      0.1143      0.6179      1.6185
    14(H )      0.0909      0.0617      0.0763      0.6791      1.4725
    15(C )      0.0158      0.1608      0.0883     10.1478      0.0985
    16(C )      0.0851      0.1574      0.1212      1.8494      0.5407
    17(C )      0.0713      0.1359      0.1036      1.9069      0.5244
    18(C )      0.1064      0.1458      0.1261      1.3706      0.7296
    19(H )      0.0488      0.0878      0.0683      1.8012      0.5552
    20(C )      0.0858      0.1429      0.1144      1.6655      0.6004
    21(H )      0.0279      0.0675      0.0477      2.4191      0.4134
    22(C )      0.1754      0.2754      0.2254      1.5697      0.6371
    23(H )      0.0799      0.1049      0.0924      1.3125      0.7619
    24(H )      0.0706      0.0995      0.0851      1.4096      0.7094
    25(H )      0.0929      0.1378      0.1154      1.4829      0.6743
    26(C )      0.0304      0.0264      0.0284      0.8674      1.1529
    27(C )      0.0831      0.0636      0.0734      0.7652      1.3068
    28(C )      0.0843      0.0443      0.0643      0.5262      1.9005
    29(C )      0.1056      0.0960      0.1008      0.9087      1.1005
    30(H )      0.0453      0.0402      0.0427      0.8876      1.1266
    31(C )      0.0963      0.0810      0.0887      0.8409      1.1892
    32(H )      0.0425      0.0228      0.0327      0.5359      1.8661
    33(C )      0.1863      0.1579      0.1721      0.8478      1.1796
    34(H )      0.0820      0.0748      0.0784      0.9118      1.0968
    35(H )      0.0783      0.0659      0.0721      0.8422      1.1874
    36(H )      0.0980      0.0916      0.0948      0.9341      1.0706
 
 E(N):     -825.933590 Hartree
 E(N+1):   -825.914351 Hartree
 E(N-1):   -825.691179 Hartree
 E_HOMO(N):     -0.188483 Hartree,   -5.1289 eV
 E_HOMO(N+1):    0.070845 Hartree,    1.9278 eV
 E_HOMO(N-1):   -0.350035 Hartree,   -9.5249 eV
 Vertical IP:    0.242411 Hartree,    6.5963 eV
 Vertical EA:   -0.019239 Hartree,   -0.5235 eV
 Mulliken electronegativity:     0.111586 Hartree,    3.0364 eV
 Chemical potential:            -0.111586 Hartree,   -3.0364 eV
 Hardness (=fundamental gap):    0.261650 Hartree,    7.1198 eV
 Softness:    3.821906 Hartree^-1,    0.1405 eV^-1
 Electrophilicity index:    0.023794 Hartree,    0.6475 eV
 Nucleophilicity index:     0.146715 Hartree,    3.9923 eV
