 Note: the E(HOMO) of TCE used for evaluating nucleophilicity index is the value evaluated at B3LYP/6-31G* level
 
 Hirshfeld charges, condensed Fukui functions and condensed dual descriptors
 Units used below are "e" (elementary charge)
     Atom     q(N)    q(N+1)   q(N-1)     f-       f+       f0      CDD
     1(C )  -0.0330  -0.0503  -0.0132   0.0198   0.0174   0.0186  -0.0024
     2(C )   0.0280   0.0135   0.0572   0.0292   0.0145   0.0218  -0.0148
     3(C )  -0.0650  -0.1173  -0.0174   0.0476   0.0523   0.0500   0.0048
     4(C )  -0.0537  -0.1114   0.0223   0.0760   0.0577   0.0669  -0.0183
     5(C )  -0.0607  -0.0991  -0.0205   0.0402   0.0384   0.0393  -0.0018
     6(C )  -0.0489  -0.1050   0.0104   0.0593   0.0561   0.0577  -0.0032
     7(C )  -0.0381  -0.0822   0.0515   0.0896   0.0441   0.0668  -0.0455
     8(C )   0.0216  -0.0147   0.1007   0.0791   0.0363   0.0577  -0.0428
     9(H )   0.0393   0.0112   0.0684   0.0291   0.0281   0.0286  -0.0010
    10(H )   0.0397   0.0077   0.0759   0.0362   0.0320   0.0341  -0.0042
    11(H )   0.0382   0.0108   0.0683   0.0301   0.0274   0.0287  -0.0027
    12(H )   0.0402   0.0123   0.0692   0.0290   0.0279   0.0285  -0.0011
    13(N )  -0.0656  -0.0857  -0.0273   0.0383   0.0201   0.0292  -0.0182
    14(H )   0.1408   0.1248   0.1669   0.0260   0.0161   0.0210  -0.0100
    15(C )  -0.0051  -0.0592   0.0013   0.0064   0.0542   0.0303   0.0478
    16(C )  -0.0491  -0.0972  -0.0214   0.0276   0.0481   0.0379   0.0205
    17(C )  -0.0385  -0.0808  -0.0138   0.0248   0.0422   0.0335   0.0175
    18(C )  -0.0419  -0.0847  -0.0116   0.0302   0.0428   0.0365   0.0126
    19(H )   0.0382   0.0122   0.0527   0.0145   0.0261   0.0203   0.0116
    20(C )  -0.0403  -0.0870  -0.0115   0.0288   0.0467   0.0377   0.0179
    21(H )   0.0449   0.0221   0.0565   0.0117   0.0228   0.0172   0.0111
    22(C )  -0.0436  -0.1278   0.0113   0.0550   0.0842   0.0696   0.0292
    23(H )   0.0447   0.0143   0.0677   0.0230   0.0305   0.0267   0.0075
    24(H )   0.0453   0.0140   0.0677   0.0224   0.0313   0.0268   0.0089
    25(H )   0.0446   0.0033   0.0725   0.0278   0.0413   0.0346   0.0135
    26(C )  -0.0829  -0.0949  -0.0623   0.0206   0.0120   0.0163  -0.0086
    27(H )   0.0333   0.0229   0.0534   0.0201   0.0103   0.0152  -0.0098
    28(H )   0.0323   0.0117   0.0644   0.0321   0.0206   0.0264  -0.0115
    29(H )   0.0351   0.0164   0.0605   0.0255   0.0187   0.0221  -0.0068
 
 Condensed local electrophilicity/nucleophilicity index (e*eV)
     Atom              Electrophilicity          Nucleophilicity
     1(C )                  0.01034                  0.07853
     2(C )                  0.00861                  0.11605
     3(C )                  0.03117                  0.18895
     4(C )                  0.03436                  0.30202
     5(C )                  0.02285                  0.15965
     6(C )                  0.03342                  0.23566
     7(C )                  0.02625                  0.35586
     8(C )                  0.02160                  0.31417
     9(H )                  0.01674                  0.11555
    10(H )                  0.01904                  0.14373
    11(H )                  0.01630                  0.11938
    12(H )                  0.01661                  0.11527
    13(N )                  0.01198                  0.15228
    14(H )                  0.00956                  0.10339
    15(C )                  0.03226                  0.02528
    16(C )                  0.02864                  0.10973
    17(C )                  0.02516                  0.09834
    18(C )                  0.02549                  0.12011
    19(H )                  0.01553                  0.05749
    20(C )                  0.02780                  0.11448
    21(H )                  0.01357                  0.04627
    22(C )                  0.05014                  0.21829
    23(H )                  0.01814                  0.09138
    24(H )                  0.01861                  0.08899
    25(H )                  0.02461                  0.11057
    26(C )                  0.00715                  0.08186
    27(H )                  0.00616                  0.07995
    28(H )                  0.01229                  0.12745
    29(H )                  0.01114                  0.10119
 
 Condensed local softnesses (Hartree*e) and relative electrophilicity/nucleophilicity (dimensionless)
     Atom         s-          s+          s0        s+/s-       s-/s+
     1(C )      0.0713      0.0626      0.0669      0.8784      1.1384
     2(C )      0.1053      0.0521      0.0787      0.4951      2.0200
     3(C )      0.1715      0.1887      0.1801      1.1001      0.9090
     4(C )      0.2741      0.2080      0.2411      0.7588      1.3179
     5(C )      0.1449      0.1383      0.1416      0.9545      1.0477
     6(C )      0.2139      0.2023      0.2081      0.9459      1.0572
     7(C )      0.3230      0.1589      0.2409      0.4919      2.0329
     8(C )      0.2851      0.1307      0.2079      0.4585      2.1810
     9(H )      0.1049      0.1013      0.1031      0.9661      1.0350
    10(H )      0.1304      0.1152      0.1228      0.8833      1.1321
    11(H )      0.1084      0.0987      0.1035      0.9109      1.0978
    12(H )      0.1046      0.1005      0.1026      0.9609      1.0407
    13(N )      0.1382      0.0725      0.1054      0.5249      1.9051
    14(H )      0.0938      0.0579      0.0759      0.6167      1.6216
    15(C )      0.0229      0.1953      0.1091      8.5112      0.1175
    16(C )      0.0996      0.1734      0.1365      1.7411      0.5744
    17(C )      0.0893      0.1523      0.1208      1.7063      0.5861
    18(C )      0.1090      0.1543      0.1316      1.4152      0.7066
    19(H )      0.0522      0.0940      0.0731      1.8016      0.5551
    20(C )      0.1039      0.1683      0.1361      1.6194      0.6175
    21(H )      0.0420      0.0822      0.0621      1.9564      0.5111
    22(C )      0.1981      0.3035      0.2508      1.5320      0.6527
    23(H )      0.0829      0.1098      0.0964      1.3238      0.7554
    24(H )      0.0808      0.1127      0.0967      1.3952      0.7167
    25(H )      0.1004      0.1490      0.1247      1.4843      0.6737
    26(C )      0.0743      0.0433      0.0588      0.5828      1.7158
    27(H )      0.0726      0.0373      0.0549      0.5139      1.9459
    28(H )      0.1157      0.0744      0.0950      0.6430      1.5551
    29(H )      0.0918      0.0674      0.0796      0.7340      1.3623
 
 E(N):     -634.194965 Hartree
 E(N+1):   -634.166452 Hartree
 E(N-1):   -633.946073 Hartree
 E_HOMO(N):     -0.189236 Hartree,   -5.1494 eV
 E_HOMO(N+1):    0.084708 Hartree,    2.3050 eV
 E_HOMO(N-1):   -0.368442 Hartree,  -10.0258 eV
 Vertical IP:    0.248892 Hartree,    6.7727 eV
 Vertical EA:   -0.028513 Hartree,   -0.7759 eV
 Mulliken electronegativity:     0.110189 Hartree,    2.9984 eV
 Chemical potential:            -0.110189 Hartree,   -2.9984 eV
 Hardness (=fundamental gap):    0.277405 Hartree,    7.5486 eV
 Softness:    3.604842 Hartree^-1,    0.1325 eV^-1
 Electrophilicity index:    0.021884 Hartree,    0.5955 eV
 Nucleophilicity index:     0.145962 Hartree,    3.9718 eV
