 Note: the E(HOMO) of TCE used for evaluating nucleophilicity index is the value evaluated at B3LYP/6-31G* level
 
 Hirshfeld charges, condensed Fukui functions and condensed dual descriptors
 Units used below are "e" (elementary charge)
     Atom     q(N)    q(N+1)   q(N-1)     f-       f+       f0      CDD
     1(C )   0.0082  -0.0220   0.0890   0.0808   0.0302   0.0555  -0.0506
     2(C )   0.0108  -0.0311   0.0855   0.0747   0.0418   0.0583  -0.0329
     3(C )   0.0386  -0.0159   0.1309   0.0923   0.0545   0.0734  -0.0379
     4(N )  -0.0518  -0.0839  -0.0241   0.0276   0.0322   0.0299   0.0045
     5(N )  -0.2054  -0.2411  -0.1562   0.0492   0.0357   0.0424  -0.0135
     6(H )   0.1473   0.1257   0.1723   0.0250   0.0215   0.0233  -0.0034
     7(H )   0.0596   0.0272   0.1015   0.0419   0.0324   0.0371  -0.0095
     8(C )  -0.0062  -0.0624   0.0132   0.0194   0.0562   0.0378   0.0368
     9(C )  -0.0523  -0.0977  -0.0157   0.0366   0.0454   0.0410   0.0087
    10(C )  -0.0410  -0.0828  -0.0083   0.0327   0.0418   0.0373   0.0091
    11(C )  -0.0428  -0.0883  -0.0073   0.0355   0.0455   0.0405   0.0100
    12(H )   0.0350   0.0084   0.0545   0.0195   0.0266   0.0230   0.0071
    13(C )  -0.0388  -0.0822  -0.0060   0.0328   0.0434   0.0381   0.0106
    14(H )   0.0376   0.0188   0.0512   0.0136   0.0188   0.0162   0.0052
    15(C )  -0.0438  -0.1274   0.0233   0.0671   0.0835   0.0753   0.0164
    16(H )   0.0443   0.0126   0.0707   0.0264   0.0317   0.0291   0.0053
    17(H )   0.0459   0.0164   0.0702   0.0244   0.0295   0.0269   0.0052
    18(H )   0.0447   0.0033   0.0766   0.0319   0.0414   0.0367   0.0095
    19(C )   0.0005  -0.0190   0.0111   0.0106   0.0195   0.0150   0.0089
    20(C )  -0.0354  -0.0646  -0.0087   0.0267   0.0292   0.0279   0.0025
    21(C )  -0.0400  -0.0573  -0.0219   0.0181   0.0172   0.0177  -0.0008
    22(C )  -0.0414  -0.0722  -0.0120   0.0294   0.0308   0.0301   0.0014
    23(H )   0.0444   0.0266   0.0597   0.0153   0.0178   0.0166   0.0024
    24(C )  -0.0445  -0.0759  -0.0136   0.0310   0.0314   0.0312   0.0004
    25(H )   0.0411   0.0295   0.0529   0.0118   0.0117   0.0117  -0.0001
    26(C )  -0.0434  -0.0980   0.0090   0.0524   0.0547   0.0535   0.0022
    27(H )   0.0439   0.0203   0.0672   0.0234   0.0236   0.0235   0.0002
    28(H )   0.0425   0.0199   0.0652   0.0227   0.0226   0.0226  -0.0001
    29(H )   0.0431   0.0135   0.0703   0.0272   0.0296   0.0284   0.0024
 
 Condensed local electrophilicity/nucleophilicity index (e*eV)
     Atom              Electrophilicity          Nucleophilicity
     1(C )                  0.01834                  0.28785
     2(C )                  0.02542                  0.26636
     3(C )                  0.03308                  0.32911
     4(N )                  0.01954                  0.09854
     5(N )                  0.02168                  0.17537
     6(H )                  0.01309                  0.08907
     7(H )                  0.01967                  0.14928
     8(C )                  0.03415                  0.06916
     9(C )                  0.02756                  0.13061
    10(C )                  0.02541                  0.11659
    11(C )                  0.02763                  0.12636
    12(H )                  0.01616                  0.06942
    13(C )                  0.02636                  0.11700
    14(H )                  0.01139                  0.04847
    15(C )                  0.05075                  0.23924
    16(H )                  0.01926                  0.09408
    17(H )                  0.01793                  0.08680
    18(H )                  0.02515                  0.11380
    19(C )                  0.01182                  0.03776
    20(C )                  0.01773                  0.09515
    21(C )                  0.01048                  0.06439
    22(C )                  0.01871                  0.10486
    23(H )                  0.01080                  0.05468
    24(C )                  0.01908                  0.11036
    25(H )                  0.00709                  0.04203
    26(C )                  0.03320                  0.18690
    27(H )                  0.01431                  0.08328
    28(H )                  0.01371                  0.08084
    29(H )                  0.01799                  0.09689
 
 Condensed local softnesses (Hartree*e) and relative electrophilicity/nucleophilicity (dimensionless)
     Atom         s-          s+          s0        s+/s-       s-/s+
     1(C )      0.2716      0.1015      0.1866      0.3739      2.6746
     2(C )      0.2513      0.1407      0.1960      0.5600      1.7858
     3(C )      0.3105      0.1831      0.2468      0.5897      1.6957
     4(N )      0.0930      0.1081      0.1006      1.1633      0.8596
     5(N )      0.1655      0.1200      0.1427      0.7255      1.3785
     6(H )      0.0840      0.0724      0.0782      0.8620      1.1600
     7(H )      0.1408      0.1089      0.1249      0.7732      1.2933
     8(C )      0.0652      0.1890      0.1271      2.8972      0.3452
     9(C )      0.1232      0.1525      0.1379      1.2378      0.8079
    10(C )      0.1100      0.1407      0.1253      1.2786      0.7821
    11(C )      0.1192      0.1530      0.1361      1.2830      0.7794
    12(H )      0.0655      0.0894      0.0775      1.3654      0.7324
    13(C )      0.1104      0.1459      0.1281      1.3217      0.7566
    14(H )      0.0457      0.0631      0.0544      1.3790      0.7252
    15(C )      0.2257      0.2809      0.2533      1.2447      0.8034
    16(H )      0.0888      0.1066      0.0977      1.2014      0.8324
    17(H )      0.0819      0.0992      0.0906      1.2117      0.8253
    18(H )      0.1074      0.1392      0.1233      1.2965      0.7713
    19(C )      0.0356      0.0655      0.0505      1.8371      0.5443
    20(C )      0.0898      0.0982      0.0940      1.0933      0.9146
    21(C )      0.0607      0.0580      0.0594      0.9549      1.0473
    22(C )      0.0989      0.1036      0.1013      1.0469      0.9552
    23(H )      0.0516      0.0598      0.0557      1.1589      0.8629
    24(C )      0.1041      0.1056      0.1049      1.0142      0.9860
    25(H )      0.0397      0.0392      0.0394      0.9892      1.0109
    26(C )      0.1763      0.1838      0.1801      1.0424      0.9594
    27(H )      0.0786      0.0792      0.0789      1.0081      0.9920
    28(H )      0.0763      0.0759      0.0761      0.9952      1.0048
    29(H )      0.0914      0.0996      0.0955      1.0891      0.9182
 
 E(N):     -688.328234 Hartree
 E(N+1):   -688.294780 Hartree
 E(N-1):   -688.064321 Hartree
 E_HOMO(N):     -0.204212 Hartree,   -5.5569 eV
 E_HOMO(N+1):    0.089931 Hartree,    2.4471 eV
 E_HOMO(N-1):   -0.378989 Hartree,  -10.3128 eV
 Vertical IP:    0.263914 Hartree,    7.1815 eV
 Vertical EA:   -0.033454 Hartree,   -0.9103 eV
 Mulliken electronegativity:     0.115230 Hartree,    3.1356 eV
 Chemical potential:            -0.115230 Hartree,   -3.1356 eV
 Hardness (=fundamental gap):    0.297367 Hartree,    8.0918 eV
 Softness:    3.362844 Hartree^-1,    0.1236 eV^-1
 Electrophilicity index:    0.022326 Hartree,    0.6075 eV
 Nucleophilicity index:     0.130986 Hartree,    3.5643 eV
